"SNP1" "SNP2" "SNP3" "SNP4" "SNP5" "SNP6" "SNP7" "SNP8" "SNP9" "SNP10" "SNP11" "SNP12" "SNP13" "SNP14" "SNP15" "SNP16" "SNP17" "SNP18" "SNP19" "SNP20" "SNP21" "SNP22" "SNP23" "SNP24" "SNP25" "SNP26" "SNP27" "SNP28" "SNP29" "SNP30" "SNP31" "SNP32" "SNP33" "SNP34" "SNP35" "SNP36" "SNP37" "SNP38"
"1" 2 2 1 2 2 2 2 2 2 1 NA 2 2 2 2 2 2 1 2 2 2 2 2 2 2 2 2 2 2 2 2 2 2 1 1 1 2 0
"2" 2 2 1 2 2 2 2 2 2 1 2 2 2 2 2 2 2 1 2 2 2 2 2 2 1 2 2 2 2 2 2 2 2 1 2 2 2 1
"3" 2 2 2 2 2 2 2 2 2 2 2 2 2 2 2 2 2 2 2 2 2 NA 0 2 2 0 2 2 2 1 2 2 2 2 2 2 2 2
"4" 2 1 2 2 2 2 2 1 1 2 2 2 2 2 2 2 2 2 1 1 2 1 2 1 2 2 2 2 1 2 2 2 2 2 1 1 1 2
"5" 2 2 1 0 0 2 2 2 2 1 2 2 2 2 2 2 1 2 2 2 2 2 2 2 1 2 2 1 2 2 2 2 2 1 1 1 1 2
"6" 2 2 2 NA NA 2 2 1 1 2 2 2 2 2 2 2 2 2 1 1 NA NA 2 2 1 2 0 2 2 2 2 2 1 0 2 2 2 2
"7" 2 1 2 2 2 2 1 2 2 2 2 2 2 1 1 2 2 2 1 1 2 0 2 2 2 2 2 2 1 1 1 0 2 1 2 2 2 2
"8" 2 1 2 2 2 2 2 2 2 2 2 2 2 2 2 2 2 2 2 2 2 2 2 2 1 2 NA 2 2 1 1 1 2 2 1 1 2 2
"9" 2 2 1 2 2 2 2 2 2 1 2 2 2 2 2 1 1 2 2 2 2 2 1 2 1 2 2 2 2 2 2 2 2 1 2 2 2 2
"10" 2 1 2 2 2 1 2 2 2 2 1 2 2 2 2 0 0 2 2 2 2 NA 1 2 2 1 2 2 2 2 2 2 2 2 1 1 2 2
"11" 2 0 2 1 1 2 2 2 2 2 2 2 2 2 2 2 1 2 2 2 2 2 2 2 2 2 2 NA 2 1 1 1 2 2 0 0 2 2
"12" 0 0 2 2 2 2 2 2 2 2 2 1 2 2 2 2 2 2 1 1 2 2 2 2 1 2 2 2 2 1 1 2 2 2 0 0 2 2
"13" 2 NA 1 0 0 2 2 2 2 1 2 2 2 2 2 2 1 2 2 2 2 2 2 2 2 2 2 NA 2 2 2 2 1 1 1 1 2 2
"14" 2 1 2 2 2 2 2 2 2 2 2 2 2 2 2 2 2 2 2 2 2 2 NA 2 2 2 2 2 2 1 1 1 2 2 1 1 2 NA
"15" 2 1 1 NA NA 1 2 2 2 1 2 2 2 2 2 2 2 2 2 2 2 2 2 2 1 2 NA 0 1 2 2 2 1 1 1 1 2 2
"16" 2 0 2 2 2 2 0 2 2 2 2 1 2 1 1 2 2 2 1 1 2 2 2 2 2 2 2 2 0 1 1 1 1 1 2 2 2 2
"17" 2 2 2 2 2 2 2 2 2 1 2 2 2 2 2 2 2 2 2 2 2 2 NA 2 1 2 2 2 2 1 1 2 0 1 1 1 2 2
"18" 2 2 2 1 1 2 2 2 2 2 NA 2 2 2 2 1 0 2 2 2 2 2 1 2 2 2 2 NA 2 2 2 2 2 2 0 0 2 NA
"19" 2 2 1 2 2 2 2 2 2 1 2 2 2 2 2 2 2 2 2 2 2 2 NA 2 2 1 2 1 2 2 2 2 1 1 2 2 2 2
"20" 2 2 2 2 2 2 2 2 2 2 NA 2 2 2 2 2 2 2 2 2 2 2 2 2 2 2 2 2 2 0 1 0 1 2 1 1 NA 2
"21" 1 2 2 2 2 2 2 2 2 2 1 2 2 2 1 1 1 2 2 2 2 2 0 2 2 0 2 2 2 2 2 2 0 2 2 2 2 2
"22" 2 2 2 2 2 2 2 2 2 2 2 2 2 2 1 2 2 2 2 2 NA 2 0 2 2 1 2 2 2 2 2 2 2 2 2 2 0 2
"23" 1 1 2 2 2 2 1 2 2 2 2 2 2 2 2 2 2 2 2 1 2 2 2 2 0 2 2 2 2 1 1 2 2 2 0 0 2 1
"24" 2 0 2 2 2 1 2 2 2 2 2 2 2 2 2 1 1 2 1 1 2 0 2 2 2 1 2 2 1 2 2 2 0 2 2 2 2 NA
"25" 1 2 2 1 1 2 2 1 1 2 NA 2 2 2 2 2 2 2 2 2 2 2 2 2 1 2 2 NA 2 0 0 1 2 2 0 0 2 2
"26" 2 2 2 2 2 NA 2 1 1 2 0 2 2 2 2 1 1 2 1 1 2 NA 1 2 2 2 2 2 2 2 2 2 2 2 1 1 2 2
"27" 2 2 1 2 2 2 2 2 2 1 2 2 2 2 2 2 2 2 2 2 2 2 1 2 NA 2 1 2 2 2 2 2 2 1 2 2 2 NA
"28" 2 2 2 2 2 2 1 2 2 2 2 1 2 2 2 2 1 2 1 1 2 2 NA 2 2 2 2 2 2 1 1 1 1 2 0 0 NA 0
"29" 0 2 2 2 2 2 2 2 2 2 2 2 2 2 2 2 2 2 2 2 2 2 2 2 1 2 2 2 2 1 1 2 1 2 0 0 2 2
"30" 2 1 2 2 2 1 2 2 2 2 2 2 2 2 2 1 1 2 2 2 2 2 1 1 2 1 2 2 2 1 1 1 1 2 2 2 2 2
"31" 2 1 1 2 2 2 2 2 2 1 2 2 2 2 2 2 2 2 2 2 2 2 2 2 2 2 0 2 2 2 2 2 1 1 1 1 2 2
"32" 2 2 1 2 2 2 1 2 2 1 2 2 2 2 2 2 2 2 2 1 2 2 2 2 2 2 1 2 2 2 2 2 1 1 1 1 2 1
"33" 2 2 2 2 2 2 2 2 2 1 2 2 2 2 2 2 2 2 2 2 2 2 2 2 2 2 NA 2 1 2 2 2 2 1 2 2 2 2
"34" 2 2 1 NA NA 2 2 2 2 1 2 2 2 2 2 2 2 2 2 2 2 NA 2 2 2 2 2 2 2 2 2 2 2 1 2 2 2 2
"35" 2 1 2 2 2 1 1 2 2 2 2 2 2 2 2 1 1 2 1 2 2 2 2 1 2 2 2 2 2 1 1 1 2 2 2 1 2 1
"36" 1 2 2 2 2 2 2 2 2 2 2 2 2 2 2 2 2 2 2 2 2 2 2 1 1 2 2 2 1 1 1 2 0 2 0 0 2 2
"37" 2 1 2 2 2 2 2 2 2 2 0 2 2 2 2 1 1 2 1 1 2 2 0 2 2 2 2 2 2 1 1 1 1 2 0 0 2 1
"38" 2 2 2 1 1 2 2 1 1 2 2 2 2 2 1 2 2 1 2 2 NA 2 2 2 2 2 2 2 2 2 2 2 1 2 1 1 1 0
"39" 2 2 2 2 2 2 2 2 2 1 1 2 2 2 2 1 1 2 2 2 2 NA 0 2 2 2 2 2 2 2 2 2 1 1 2 2 2 2
"40" 2 1 1 2 2 2 2 2 2 1 2 2 2 2 2 1 1 2 2 2 2 2 2 2 2 1 2 2 1 1 2 2 2 1 2 2 2 2
"41" 2 2 2 1 1 2 2 1 1 2 2 2 2 2 2 2 2 1 2 2 1 NA 1 2 2 1 2 2 2 2 2 2 2 2 1 1 2 1
"42" 2 1 2 2 2 2 2 2 2 2 1 2 2 2 2 1 1 2 2 2 2 2 2 2 2 2 2 2 2 2 2 2 0 2 0 0 2 0
"43" 2 0 2 2 2 1 2 2 2 2 2 2 2 2 2 2 2 2 1 1 2 2 2 2 2 2 NA 2 1 1 1 1 2 2 1 1 2 1
"44" 2 2 2 2 2 2 2 2 2 2 2 2 2 2 2 1 1 2 1 2 2 NA NA 2 2 2 2 1 2 2 2 2 2 2 1 1 2 0
"45" 2 2 1 2 2 2 2 2 2 1 2 2 2 2 2 2 2 1 2 2 2 NA NA 2 2 2 NA NA 2 2 2 2 2 1 2 2 1 0
"46" 2 2 2 2 2 2 2 2 2 2 2 1 2 2 2 2 2 2 2 2 2 2 2 2 2 1 2 2 1 1 2 2 2 2 1 2 2 2
"47" 2 2 2 2 2 2 2 2 2 2 0 2 2 2 2 0 1 2 2 2 2 2 NA 2 2 2 2 1 2 2 2 2 0 2 1 1 2 2
"48" 1 1 2 2 2 1 2 2 2 2 2 2 2 2 2 1 1 2 2 2 2 2 NA 2 1 2 2 2 2 1 1 2 1 2 1 1 2 2
"49" 2 2 2 2 2 2 1 2 2 1 2 1 2 2 2 2 2 2 1 1 2 2 NA 2 2 2 2 NA 2 1 1 1 1 1 1 1 2 1
"50" 2 0 2 2 2 2 2 2 2 2 2 2 2 2 2 2 2 2 2 2 2 2 2 2 2 2 2 2 2 1 1 1 2 2 1 0 2 0
"51" 2 2 2 2 2 2 2 2 2 2 2 2 1 2 2 NA 2 1 1 1 2 2 NA 2 2 2 2 2 2 2 2 2 2 2 1 1 1 NA
"52" 2 2 1 NA NA 2 2 1 1 1 2 2 2 2 2 2 2 2 1 1 2 1 2 2 1 2 2 2 2 2 1 2 0 1 2 2 1 2
"53" 2 1 2 2 2 2 1 1 1 2 2 2 2 2 2 2 2 2 1 1 2 0 2 2 2 2 NA 2 2 2 2 2 1 2 2 2 1 2
"54" 2 2 1 NA NA 2 2 2 2 0 2 2 2 2 2 2 2 2 2 2 2 2 2 2 1 2 2 NA 2 2 2 2 1 1 2 2 2 2
"55" 2 2 1 2 2 2 2 2 2 1 2 2 2 2 2 2 2 2 1 1 2 NA 2 2 2 2 2 2 2 1 1 2 2 0 2 2 2 2
"56" 2 1 1 NA NA 1 2 2 2 1 2 2 2 2 2 2 2 2 2 2 2 2 2 2 2 2 NA 2 2 2 2 2 1 1 1 2 2 2
"57" 2 2 1 2 2 2 1 2 2 1 2 2 2 2 2 2 2 2 2 2 NA 2 2 2 2 2 0 2 2 2 2 2 2 0 1 1 2 2
"58" 2 2 2 NA NA 2 2 1 1 2 2 2 1 2 2 2 2 2 0 1 2 1 1 2 2 2 2 2 2 2 2 2 2 2 2 2 1 2
"59" 2 2 1 0 0 2 2 1 1 1 2 2 2 2 2 2 2 1 1 2 1 2 2 2 1 2 2 2 2 2 2 2 1 1 1 1 2 2
"60" 1 1 2 2 2 2 2 0 0 2 2 2 2 2 2 2 2 2 0 0 2 0 2 2 2 2 2 2 2 2 2 2 1 1 2 2 0 2
"61" 2 1 2 2 2 2 0 2 2 2 2 2 2 1 1 2 2 2 2 2 2 2 0 2 2 2 2 2 2 1 1 1 2 2 1 1 2 2
"62" 2 1 1 2 2 1 2 2 2 1 2 2 2 2 2 1 0 2 2 2 2 NA 2 2 2 2 1 2 2 2 2 2 2 1 2 2 2 2
"63" 2 2 2 0 0 2 2 2 2 2 2 2 1 2 2 0 2 2 2 2 2 2 NA 2 1 2 2 1 2 2 2 2 2 2 2 2 2 NA
"64" 2 0 2 2 2 1 2 2 2 2 2 2 1 2 2 1 1 NA 1 1 2 2 NA 1 2 2 2 2 2 1 1 1 2 2 2 2 2 2
"65" 2 2 2 2 2 2 2 2 2 2 1 2 1 2 2 1 1 2 1 1 2 2 0 2 2 2 NA 2 2 1 1 1 0 2 0 0 2 2
"66" 2 2 1 2 2 2 2 2 2 1 2 2 2 2 2 2 2 2 2 2 2 NA 2 2 2 2 2 2 0 1 1 1 1 1 1 1 2 0
"67" 2 2 2 2 2 2 2 2 2 2 2 2 2 2 2 2 2 2 2 2 2 2 0 2 2 0 2 2 2 2 2 2 2 2 2 2 2 2
"68" 2 2 1 NA NA 2 2 2 2 NA 2 2 2 2 2 NA 2 2 2 2 2 2 2 2 1 2 2 0 2 2 2 2 1 1 2 2 2 2
"69" 2 2 NA 2 2 2 0 2 2 2 2 2 2 2 2 2 2 2 2 2 NA 2 2 2 2 2 2 2 2 2 2 2 0 1 1 1 2 NA
"70" 2 1 1 2 2 2 1 2 2 1 2 2 1 2 2 1 1 2 2 2 2 2 2 2 0 2 2 2 2 2 2 2 2 1 2 2 2 2
"71" 2 2 1 0 0 2 2 2 2 1 2 2 1 2 2 1 2 2 2 2 2 2 2 2 2 2 2 NA 2 2 2 2 0 1 2 2 2 2
"72" 2 2 2 NA NA 2 2 2 2 2 2 2 2 2 2 NA 2 2 2 2 2 2 NA 2 2 2 2 2 2 2 2 2 1 1 2 2 2 2
"73" 2 1 2 2 2 2 2 2 2 2 1 2 2 2 2 1 1 2 2 2 2 2 1 2 2 2 2 2 2 2 2 2 1 2 0 0 2 1
"74" 1 1 2 2 2 1 2 2 2 2 2 2 2 2 2 2 2 2 2 1 2 2 2 2 1 2 2 2 2 1 1 2 2 2 1 1 2 2
"75" 2 2 1 2 2 2 1 2 2 1 2 2 2 2 2 2 2 2 2 2 2 2 2 2 2 2 2 NA 2 2 2 2 1 1 1 1 2 1
"76" 2 2 1 2 2 2 2 2 2 1 NA 2 2 2 2 2 2 2 2 2 NA 2 NA 2 2 2 2 2 2 1 1 1 2 1 1 1 2 0
"77" 2 2 1 NA NA 2 2 2 2 1 2 2 1 2 2 1 1 2 2 2 2 2 NA 2 2 2 2 2 2 2 2 2 2 1 2 2 2 2
"78" 2 1 2 2 2 2 2 2 2 2 2 2 2 2 2 1 2 2 2 2 2 2 2 2 0 2 2 1 2 2 2 2 1 2 2 1 1 2
"79" 2 1 2 2 2 2 2 2 2 2 2 1 2 2 2 2 2 1 1 1 2 2 2 2 2 2 2 2 2 2 2 2 2 1 2 2 1 1
"80" 2 1 2 2 2 NA 0 2 2 2 2 1 2 2 2 1 1 2 1 1 2 2 2 1 2 2 2 NA 1 1 1 1 1 2 2 2 2 2
"81" 2 1 2 1 1 2 2 2 2 2 2 2 2 2 2 2 1 2 2 2 2 2 2 2 2 2 2 2 2 1 1 1 2 2 0 0 1 2
"82" 2 2 0 2 2 2 2 2 2 1 2 2 2 2 2 2 2 1 2 2 2 NA 2 2 NA 2 2 1 2 2 2 2 2 0 2 2 1 1
"83" 2 1 1 2 2 2 2 2 2 1 2 2 2 2 2 0 1 2 2 2 2 2 2 2 2 1 2 2 2 2 2 2 1 1 2 2 2 2
"84" 1 2 2 2 2 2 2 2 2 2 2 2 2 2 2 2 2 1 2 2 2 NA 2 2 2 2 2 2 2 1 1 2 0 2 1 1 1 1
"85" 2 1 1 NA NA 1 2 2 2 2 NA 2 2 2 2 2 2 2 2 2 2 2 2 2 2 2 2 2 2 2 2 2 1 1 2 2 2 2
"86" 2 1 1 2 2 2 2 1 2 1 2 2 2 2 2 2 2 2 2 2 2 NA 2 2 0 2 2 2 1 1 1 2 1 1 2 2 2 NA
"87" 1 2 2 2 2 2 2 2 2 2 2 2 2 2 2 2 2 2 2 2 2 2 NA 2 1 2 2 2 2 0 0 1 0 2 1 1 2 2
"88" 1 2 2 2 2 2 2 2 2 2 2 2 2 2 2 2 2 2 2 2 2 0 2 2 1 2 2 2 2 1 1 2 1 2 1 1 2 2
"89" 2 1 2 1 1 2 2 2 2 2 2 2 1 2 2 2 2 0 2 2 2 0 2 2 2 2 2 2 2 2 2 2 0 2 1 1 0 0
"90" 2 1 2 1 1 2 2 2 2 2 NA 2 2 2 2 2 1 2 2 2 NA 2 NA 2 2 2 2 2 2 1 1 1 2 2 0 0 1 2
"91" 1 2 1 2 2 2 2 2 2 1 2 2 2 2 2 2 2 2 2 2 2 2 NA 2 1 2 1 2 2 1 1 2 2 1 1 1 2 NA
"92" 2 2 1 2 2 2 2 2 2 2 2 2 2 2 2 2 2 2 2 2 2 2 2 2 2 1 2 1 2 2 2 2 2 2 2 2 1 1
"93" 2 2 0 2 2 2 0 2 2 0 2 2 2 2 2 2 2 2 2 2 2 2 0 2 2 2 0 2 2 1 1 1 0 1 1 1 2 2
"94" 2 1 2 2 2 2 1 1 2 2 2 2 2 1 1 2 2 1 2 2 2 NA 2 2 2 2 2 2 2 1 1 1 0 2 1 1 1 0
"95" 2 1 2 2 2 2 1 2 2 2 2 2 2 1 1 2 2 1 2 2 2 2 2 2 2 2 2 2 1 1 1 1 2 1 2 2 1 2
"96" 2 2 2 2 2 2 2 1 1 2 1 2 2 2 2 1 1 2 1 1 2 0 NA 2 NA 2 2 2 2 2 2 2 2 2 1 0 2 2
"97" 2 2 2 2 2 2 2 2 2 2 2 2 2 2 2 2 2 1 2 2 2 0 2 2 2 2 2 2 2 2 2 2 1 2 2 2 1 1
"98" 2 2 0 2 2 2 0 2 2 1 2 2 2 1 1 2 2 2 2 2 2 NA 2 2 2 2 2 2 1 2 2 2 1 0 1 1 2 2
"99" 2 2 2 2 2 2 2 2 2 2 1 2 2 2 2 1 1 2 2 2 2 1 NA 2 2 2 2 2 1 2 2 2 2 2 1 1 2 2
"100" 2 2 1 NA NA 2 2 2 2 1 2 2 2 2 2 2 2 2 1 1 2 2 2 2 2 2 2 2 2 2 2 2 2 1 1 1 2 1
"101" 2 2 1 2 2 2 2 2 2 1 2 2 2 2 2 2 2 2 2 2 2 2 NA 2 2 2 2 2 2 1 1 1 0 0 2 2 NA 2
"102" 2 2 2 2 2 2 1 2 2 2 2 1 2 2 2 2 2 2 1 1 2 2 NA 2 2 2 NA 2 2 1 1 1 1 1 2 2 2 2
"103" 2 2 2 2 2 2 1 0 1 2 2 1 2 2 2 2 2 2 0 0 2 2 2 2 2 2 2 2 2 1 1 1 2 2 2 2 2 2
"104" 2 1 2 2 2 1 2 2 2 2 NA 2 2 2 1 1 1 0 2 2 2 2 2 2 2 2 2 2 2 2 2 2 1 2 2 2 0 1
"105" 2 2 2 2 2 2 2 2 2 2 2 2 1 2 2 2 2 2 1 1 2 2 0 2 2 2 2 2 2 2 2 2 2 2 2 2 1 0
"106" 2 2 2 2 2 2 2 2 2 2 NA 2 2 2 2 2 2 2 2 2 2 2 2 1 2 2 2 1 1 2 2 2 1 2 1 1 2 2
"107" 2 2 1 2 2 2 1 2 2 1 2 2 2 2 2 2 2 2 2 2 2 2 2 2 2 2 2 2 2 2 2 2 2 2 0 0 2 0
"108" 2 1 0 2 2 0 2 2 2 1 2 2 2 2 2 1 2 2 2 2 2 2 2 0 2 2 0 2 2 1 1 1 2 1 2 2 2 2
"109" 2 1 2 2 2 2 2 2 2 2 2 2 2 2 2 2 2 2 2 2 2 NA 2 2 1 2 2 1 2 1 1 1 2 2 1 1 2 2
"110" 2 2 2 2 2 NA 2 1 1 2 0 2 2 2 2 1 1 2 1 1 2 NA 1 2 2 2 2 2 2 2 2 2 1 2 1 0 NA 2
"111" 2 2 1 2 2 2 2 2 2 1 2 2 2 2 2 2 2 2 2 2 2 2 2 2 2 2 NA 2 2 2 2 2 2 1 2 2 1 1
"112" 2 1 2 NA 2 2 2 2 2 1 2 2 2 2 2 2 2 2 NA 2 2 2 NA 2 2 2 2 2 2 2 2 2 1 2 1 1 NA 1
"113" 1 2 2 2 2 2 2 2 2 2 2 2 2 2 2 2 2 2 1 2 2 2 2 2 1 2 2 2 2 1 1 2 2 2 1 1 NA 1
"114" 2 2 1 NA NA 2 2 2 2 0 2 2 2 2 2 2 2 2 2 2 2 2 1 2 1 2 2 2 2 2 2 1 1 0 2 2 2 2
"115" 2 1 2 2 2 0 1 2 2 2 NA 1 2 2 2 1 1 2 2 2 2 2 2 2 2 2 2 2 2 1 1 1 1 2 1 1 NA NA
"116" 2 2 1 0 0 2 2 2 2 0 2 2 2 2 2 2 1 2 2 2 2 2 2 2 1 2 2 2 2 2 2 2 2 1 1 1 1 2
"117" 1 2 2 2 2 2 2 2 2 2 2 2 2 2 2 0 1 2 2 2 2 2 2 2 0 1 2 2 2 0 0 1 1 2 0 0 2 2
"118" 2 2 2 2 2 2 2 2 2 2 0 2 2 2 2 1 1 2 2 2 2 2 1 2 2 2 2 2 1 2 2 2 2 2 1 1 2 NA
"119" 2 0 1 0 0 2 2 2 2 1 2 2 1 2 2 2 2 1 2 2 2 2 2 2 1 2 2 2 2 2 2 2 0 1 1 1 2 2
"120" 2 2 2 2 2 2 2 1 1 2 2 2 2 2 2 2 2 2 1 1 2 2 2 2 2 2 2 2 2 1 1 1 2 2 1 2 2 NA
"121" 2 2 1 2 2 2 2 2 2 1 2 2 2 2 2 2 2 2 1 2 2 2 1 2 2 2 2 2 1 2 2 2 2 2 1 1 2 0
"122" 2 0 2 2 2 2 2 2 2 2 2 2 2 2 2 2 2 2 1 1 2 2 NA 2 1 2 NA 2 2 1 1 1 2 2 1 1 2 2
"123" 2 1 2 2 2 1 2 2 2 2 2 2 2 2 2 1 1 2 2 2 2 2 2 2 2 2 NA 2 1 0 0 0 1 1 2 2 2 2
"124" 2 1 1 2 2 2 1 2 2 1 2 2 2 1 1 2 2 2 2 2 2 2 2 2 1 2 2 2 2 1 1 1 0 1 1 1 2 0
"125" 2 2 2 2 2 2 2 2 2 2 2 2 2 2 2 1 1 2 2 2 2 2 NA 2 2 2 2 2 2 2 2 2 1 2 2 2 2 2
"126" 2 2 1 2 2 2 2 2 2 1 2 2 2 2 2 2 2 2 2 2 2 2 NA 2 2 2 1 2 2 1 1 1 2 0 2 2 2 2
"127" 2 2 1 NA NA 2 2 2 2 1 2 2 2 2 2 2 2 2 2 2 2 NA NA 2 2 2 2 2 2 2 2 2 2 0 2 2 2 NA
"128" 2 2 2 0 0 2 2 1 1 2 2 2 2 2 2 2 1 2 1 1 2 0 2 2 2 2 2 2 2 2 2 2 2 2 1 1 0 2
"129" 2 1 2 2 2 2 1 2 2 2 2 1 2 2 2 2 2 2 1 1 2 2 NA 2 2 2 2 2 2 0 0 0 1 2 1 1 2 2
"130" 1 2 1 2 2 2 2 2 2 1 1 2 2 2 2 1 1 2 2 2 2 2 2 2 2 1 2 2 2 2 2 2 1 1 2 2 2 2
"131" 2 1 2 1 1 2 2 2 2 2 2 2 2 2 2 2 0 2 1 2 2 NA 2 2 2 2 2 2 2 1 1 1 2 2 0 0 0 2
"132" 2 2 0 0 0 2 2 0 1 1 2 2 2 2 2 2 2 1 2 2 2 2 2 2 2 2 1 2 1 2 2 2 2 1 2 2 2 2
"133" 2 2 2 2 2 2 2 2 2 2 2 2 2 2 2 2 2 2 2 2 2 2 2 1 1 2 2 1 1 2 2 2 1 2 1 1 2 2
"134" 2 1 2 1 1 2 2 1 1 2 2 2 2 2 2 2 1 1 2 2 1 2 2 2 2 2 2 2 2 1 1 1 1 2 0 0 2 2
"135" 2 2 2 2 2 2 1 2 2 2 0 2 2 2 2 1 1 2 2 2 2 NA 0 2 2 2 NA NA 2 2 2 2 2 2 0 0 2 2
"136" 2 1 2 2 2 2 2 2 2 2 2 1 2 2 2 2 2 1 1 1 2 2 2 2 2 2 2 2 2 2 2 2 1 2 1 1 1 1
"137" 2 1 2 2 2 2 2 2 2 2 NA 2 2 2 2 2 2 2 2 2 2 2 2 2 2 2 2 2 2 1 1 1 2 2 1 1 NA 2
"138" 2 1 1 2 2 2 1 2 2 1 2 2 2 1 1 2 2 2 2 2 2 2 2 2 2 2 1 2 1 1 1 1 1 0 2 2 2 2
"139" NA 2 2 2 2 2 2 2 2 1 2 1 2 2 2 2 2 2 1 1 2 2 2 2 2 2 0 2 1 2 2 2 2 1 2 2 NA 2
"140" 2 1 2 2 2 2 2 2 2 2 2 2 2 2 2 2 2 2 2 2 2 2 NA 2 2 2 2 2 2 1 1 1 1 2 1 1 2 NA
"141" 1 2 2 2 2 2 2 2 2 2 2 2 2 2 2 2 2 2 2 1 2 2 2 2 0 2 2 1 2 1 1 2 2 2 1 1 2 2
"142" 1 2 2 2 2 2 2 2 2 2 NA 2 2 2 2 2 2 2 2 2 2 NA 2 1 0 2 2 NA 2 1 1 2 2 2 1 1 2 2
"143" 2 1 1 2 2 2 2 2 2 1 2 2 2 2 2 1 1 2 2 2 2 2 0 2 2 1 2 1 2 2 2 2 0 2 2 2 2 2
"144" 2 1 0 2 2 2 2 2 2 1 2 2 2 2 2 2 2 2 2 2 2 2 2 2 2 2 2 1 2 2 2 2 1 1 1 1 2 NA
"145" 2 2 1 2 2 2 2 2 2 2 0 2 2 2 2 1 1 1 2 2 2 2 0 1 2 2 2 2 1 2 2 2 1 1 1 0 2 2
"146" 2 2 1 NA NA 2 2 2 2 0 2 2 2 2 2 2 2 2 2 2 2 2 NA 2 2 2 2 2 2 2 2 2 1 1 2 2 1 NA
"147" 2 2 2 2 NA 2 2 2 2 2 2 2 2 2 2 2 2 2 2 2 2 1 NA 2 2 2 2 2 2 2 2 2 0 1 2 2 2 2
"148" 2 1 2 2 2 2 2 2 2 2 2 2 2 1 1 2 2 2 2 2 2 2 0 2 NA 1 2 2 1 1 1 1 0 1 2 2 2 2
"149" 2 2 1 NA NA 2 2 2 2 1 2 2 2 2 2 0 2 2 1 1 2 1 NA 2 2 2 2 NA 2 2 2 2 2 1 1 1 2 2
"150" 2 2 1 NA NA 2 2 2 2 1 NA 2 2 2 2 1 1 2 1 1 2 2 1 2 2 1 2 2 2 2 2 2 1 2 1 1 2 2
"151" 2 1 1 0 0 2 2 2 2 1 2 2 1 2 2 2 2 1 2 2 2 1 0 2 2 2 2 1 2 2 2 2 1 2 1 1 2 2
"152" 2 1 2 2 2 2 2 2 2 2 2 2 2 2 2 2 2 2 1 1 2 2 0 2 2 2 NA 2 1 1 1 1 0 1 1 1 2 0
"153" 2 2 NA 2 2 2 1 2 2 1 2 2 2 2 2 2 2 2 2 2 2 2 2 2 2 2 2 2 2 2 2 2 1 2 1 1 2 2
"154" 2 2 1 2 2 2 1 2 2 1 NA 2 2 1 1 2 2 2 2 2 2 NA NA 2 0 2 2 2 2 2 2 2 2 1 1 1 2 1
"155" 2 1 2 2 2 2 2 2 2 2 2 2 2 2 2 2 2 2 2 2 2 2 NA 2 1 2 2 1 2 1 1 1 2 2 1 1 2 2
"156" 2 2 1 2 2 1 2 2 2 0 2 2 2 2 1 2 2 2 1 1 2 NA 2 2 2 2 NA 0 1 2 2 2 2 1 2 2 2 0
"157" 2 1 2 2 2 1 2 2 2 2 NA 2 2 2 2 1 1 1 2 2 2 2 2 1 2 2 2 2 2 1 1 1 1 2 2 2 0 2
"158" 2 2 1 NA NA 2 2 2 2 0 2 2 2 2 2 2 2 2 2 2 2 2 2 2 0 2 2 1 2 2 2 2 0 1 2 2 2 2
"159" 2 1 2 2 2 1 2 2 2 2 2 2 2 2 2 1 1 2 2 2 2 1 NA 1 2 2 2 2 2 1 1 1 1 2 2 2 2 2
"160" 2 2 1 2 2 2 2 2 2 1 NA 2 2 2 2 2 2 2 2 2 2 2 1 2 1 1 2 2 2 2 2 2 2 1 2 1 2 2
"161" 2 1 2 2 2 2 2 2 2 2 NA 2 2 2 2 1 1 1 2 2 2 2 2 2 2 1 2 2 2 2 2 2 1 2 2 2 1 NA
"162" 2 2 0 NA NA 2 2 2 2 1 2 2 1 2 2 2 2 2 1 1 2 2 2 2 1 2 2 0 2 2 2 2 2 1 1 1 2 2
"163" 2 1 2 2 2 2 2 2 2 2 2 2 2 2 2 2 2 2 2 2 2 2 2 2 2 2 2 NA 2 0 0 0 1 1 1 1 2 2
"164" 2 2 1 2 2 2 1 2 2 1 2 2 2 2 2 2 2 2 2 2 2 NA 2 2 2 2 2 2 2 2 2 2 1 1 1 1 2 0
"165" 2 1 2 2 2 1 2 1 1 2 2 2 2 2 2 2 2 2 1 1 2 1 2 2 2 1 2 2 1 2 2 2 2 2 1 1 1 2
"166" 2 1 2 2 2 2 2 2 2 2 2 2 2 2 2 2 2 2 2 2 2 2 2 1 2 2 2 2 2 1 0 0 1 1 1 1 2 2
"167" 2 2 1 NA NA 2 2 2 2 0 2 2 2 2 2 2 2 2 2 2 2 2 2 2 1 2 2 1 2 2 2 2 1 1 2 2 2 2
"168" 2 2 0 NA NA 2 2 2 2 1 2 2 2 2 2 2 2 2 2 2 NA 2 2 2 2 2 1 2 2 2 2 2 2 1 2 2 2 NA
"169" 1 1 1 2 2 2 2 2 2 2 2 2 2 2 2 2 2 2 2 2 2 NA 2 2 1 2 2 2 2 0 0 1 2 2 0 0 2 2
"170" 2 1 2 2 2 1 2 2 2 2 2 2 2 2 2 1 1 1 2 2 2 NA 2 2 2 2 NA 2 2 2 2 2 1 2 2 2 0 1
"171" 2 1 2 2 2 2 2 2 2 2 2 2 2 2 2 1 1 NA 2 2 2 2 2 1 2 2 2 2 1 2 2 2 0 2 0 0 2 2
"172" 2 2 2 2 2 2 2 2 2 2 NA 2 2 2 2 2 2 2 2 2 2 2 0 2 2 1 2 2 2 2 2 2 2 2 2 2 2 2
"173" 2 1 0 2 2 2 1 2 2 1 2 2 2 1 1 2 2 2 2 2 2 NA 2 2 2 2 1 2 2 1 1 1 0 1 1 1 2 1
"174" 2 1 1 0 0 2 2 2 2 1 2 2 1 2 2 2 2 1 2 2 2 2 2 2 1 2 2 2 2 2 2 2 1 1 1 1 2 2
"175" 2 2 1 NA NA 2 2 0 1 1 2 2 2 2 2 2 2 2 1 1 NA NA 2 2 1 2 2 2 1 2 2 2 2 1 2 2 1 2
"176" 2 2 2 2 2 2 0 2 2 2 2 1 2 2 2 2 2 2 2 2 2 NA 1 2 1 2 2 1 2 1 1 1 2 2 0 0 2 2
"177" 2 2 1 2 2 2 2 2 2 1 2 2 2 2 2 2 2 2 2 2 2 2 0 2 2 2 NA 2 2 2 2 2 2 2 0 0 2 1
"178" 2 1 1 0 0 2 2 2 2 1 2 2 2 2 2 2 1 2 2 1 2 2 2 2 2 2 0 2 2 2 2 2 2 1 1 1 1 2
"179" 2 2 2 2 2 2 2 2 2 2 2 2 2 2 2 1 1 2 2 2 2 2 NA 2 2 2 2 2 2 2 2 2 2 2 1 1 2 2
"180" 1 2 2 1 1 2 2 1 1 2 2 2 2 2 2 2 2 1 2 2 1 2 NA 2 1 2 2 2 2 1 1 2 2 2 0 0 2 1
"181" 2 2 1 2 2 2 1 2 2 1 NA 1 2 2 2 2 2 2 1 1 2 2 0 2 2 2 2 2 1 2 2 2 2 2 1 1 2 NA
"182" 2 1 1 2 2 1 2 2 2 1 2 2 2 2 2 0 1 2 2 2 2 2 2 2 2 2 2 2 2 2 2 2 1 1 2 2 NA 2
"183" 2 1 1 2 2 2 2 2 2 1 2 2 2 2 2 2 2 2 2 2 2 2 1 2 2 2 2 2 2 1 1 1 1 2 1 1 2 NA
"184" 2 1 1 2 2 2 2 2 2 1 2 2 2 2 2 2 2 2 1 1 2 NA 2 2 2 2 2 2 2 2 2 2 1 1 1 1 NA 2
"185" 2 2 1 2 2 2 2 2 2 1 2 2 2 2 2 2 2 2 2 2 2 2 2 2 2 2 1 2 1 1 1 2 2 1 2 2 2 2
"186" 2 1 1 2 2 2 2 2 2 2 2 2 2 2 2 2 2 2 1 1 2 2 NA 2 2 0 NA 1 1 2 2 2 1 2 1 1 2 2
"187" 2 2 2 2 2 2 2 2 2 2 0 2 2 2 2 1 1 2 2 2 2 2 0 2 2 2 NA 2 2 1 1 1 2 1 1 1 2 2
"188" 2 2 0 NA NA 2 2 2 2 0 2 2 2 2 2 2 2 2 2 2 2 2 2 2 1 2 1 NA 2 2 2 2 2 1 2 2 2 2
"189" 0 2 2 2 2 2 1 2 2 2 NA 2 2 1 1 2 2 2 2 2 2 NA NA 2 0 2 2 2 1 0 0 1 2 1 1 1 2 2
"190" 2 0 2 2 2 1 1 2 2 2 2 2 2 1 1 1 1 2 2 2 2 2 2 1 2 2 2 2 2 0 0 0 1 2 1 1 2 1
"191" 2 2 1 NA NA 2 2 2 2 1 NA 2 1 2 2 2 2 2 1 1 2 2 NA 2 2 2 2 1 2 2 2 2 1 1 2 2 2 NA
"192" 1 2 2 2 2 2 2 2 2 2 2 2 1 1 2 2 2 1 1 1 2 2 2 2 1 2 2 2 2 1 1 2 2 2 0 0 2 2
"193" 2 1 2 2 2 2 0 2 2 2 2 2 2 0 0 2 2 2 2 2 2 2 2 2 2 2 2 2 0 0 0 0 2 0 2 2 2 2
"194" 2 1 2 1 1 1 2 2 2 2 2 2 2 2 2 1 0 2 2 2 2 2 2 1 2 2 2 2 2 1 1 1 1 2 1 1 1 2
"195" 2 2 1 NA NA 2 2 2 2 1 NA 2 1 2 2 2 2 2 1 1 2 2 NA 2 2 2 2 2 2 2 2 2 2 1 2 2 2 2
"196" 2 1 2 2 2 2 2 2 2 2 2 2 1 2 2 2 2 2 1 1 2 2 2 2 2 2 2 2 2 1 1 1 2 2 1 1 2 2
"197" 1 1 2 2 2 2 2 2 2 2 1 2 2 2 2 1 1 2 2 2 2 2 0 2 2 2 2 2 2 1 1 1 2 2 0 0 2 2
"198" 2 0 2 2 2 1 1 2 2 2 2 2 2 1 1 2 2 2 2 2 2 2 2 2 2 2 2 2 0 1 1 1 1 1 1 1 2 2
"199" 2 2 2 0 1 2 2 2 2 2 NA 2 2 2 2 2 1 2 2 2 2 2 2 2 2 2 2 2 2 2 2 2 2 1 1 1 NA 2
"200" NA 2 2 2 2 2 2 2 2 1 NA 2 2 2 2 2 2 0 2 2 2 2 2 2 1 2 2 2 2 2 2 2 1 0 2 2 0 0
"201" 2 2 2 2 2 2 1 2 2 2 2 1 2 2 2 2 2 2 1 1 2 2 NA 2 2 1 2 2 2 1 1 1 2 2 2 2 2 2
"202" 1 2 2 2 2 2 2 2 2 1 2 2 2 2 2 1 1 2 2 2 2 NA 0 2 NA 1 2 2 2 2 2 2 2 2 1 1 2 2
"203" 2 0 2 2 2 2 1 2 2 2 2 2 2 1 1 2 2 2 2 2 2 2 2 2 2 2 2 2 1 0 0 0 2 0 2 2 2 2
"204" 2 1 1 NA NA 1 2 2 2 2 2 2 2 2 2 1 2 2 1 2 2 2 2 2 2 2 2 1 1 2 2 2 1 2 1 1 2 NA
"205" 2 1 2 2 2 2 2 2 2 2 2 2 2 2 2 2 2 2 2 2 2 2 2 2 2 2 2 2 1 1 1 1 2 2 1 1 2 2
"206" 2 1 1 2 2 2 2 2 2 1 2 2 2 2 2 1 1 2 2 2 NA 2 NA 2 1 1 2 2 2 2 2 2 1 1 2 2 2 2
"207" 2 2 1 2 2 2 2 2 2 0 2 2 2 2 2 2 2 2 2 2 2 NA NA 2 2 2 2 2 1 1 1 1 2 0 2 2 2 NA
"208" 2 2 1 2 2 2 2 2 2 1 2 2 2 2 2 2 2 2 2 2 2 2 2 2 1 2 2 NA 1 1 1 1 2 0 2 2 2 2
"209" 2 0 2 2 2 2 2 1 1 2 2 2 2 2 2 2 2 1 2 2 2 2 2 2 2 2 2 2 2 1 1 1 2 2 0 0 NA NA
"210" 2 2 2 1 1 2 1 1 1 2 2 1 2 2 2 2 2 1 1 1 1 2 2 2 2 2 2 2 2 2 2 2 0 2 1 1 1 0
"211" 2 2 2 2 2 2 2 2 2 2 2 2 2 2 2 1 1 2 2 2 2 2 0 2 2 2 2 2 1 1 1 2 2 1 1 1 2 2
"212" 2 1 1 2 2 2 2 2 2 2 2 2 2 2 2 2 2 2 2 2 2 2 2 2 2 2 2 0 2 1 1 1 2 2 1 1 2 2
"213" 2 0 2 2 2 1 0 2 2 2 2 2 2 1 1 2 2 2 2 2 NA 2 NA 2 2 2 2 2 1 1 1 0 2 1 2 2 2 2
"214" 2 1 2 2 2 2 1 2 2 2 NA 2 1 2 2 2 2 2 2 2 2 2 NA 2 NA 1 2 2 2 2 2 2 2 2 1 1 2 NA
"215" 2 1 2 2 2 2 2 2 2 2 NA 2 2 2 2 0 1 2 2 2 2 2 2 2 2 1 2 2 2 2 2 2 2 1 2 2 2 NA
"216" 2 2 2 2 2 2 2 2 2 2 2 1 2 2 2 2 2 2 2 2 2 2 2 2 2 2 2 2 1 1 1 1 2 1 1 1 2 NA
"217" 2 2 0 2 2 2 1 2 2 1 2 2 2 2 2 2 2 2 2 1 2 NA 0 2 NA 2 2 2 2 2 2 2 2 2 0 0 2 NA
"218" 2 2 2 1 1 2 2 1 1 2 2 2 2 2 2 1 1 1 2 2 1 2 1 2 2 2 2 2 2 2 2 2 2 2 0 0 2 1
"219" 2 1 1 2 2 1 2 2 2 1 2 2 2 2 2 1 1 2 2 2 2 2 2 1 2 2 2 2 2 1 1 1 1 1 2 2 2 2
"220" 2 2 1 0 0 2 2 2 2 1 2 2 2 2 2 2 1 2 1 2 2 NA NA 2 2 2 2 2 2 2 2 2 2 1 1 1 2 2
"221" 2 2 2 2 1 2 2 2 2 2 2 2 2 2 2 2 1 2 2 2 2 NA 0 2 2 1 2 2 2 2 2 2 2 2 1 1 NA 2
"222" 2 1 1 2 2 2 2 2 2 1 2 2 2 2 2 2 2 2 2 2 2 2 1 2 2 2 2 2 2 1 1 1 1 2 0 0 2 0
"223" 2 1 2 2 2 1 2 2 2 2 0 2 2 2 2 0 0 2 2 2 2 2 0 2 2 2 2 NA 2 1 1 1 1 2 0 0 2 2
"224" 2 2 0 2 2 2 2 2 2 1 2 1 2 2 2 2 2 2 2 2 2 NA NA 2 2 2 2 0 2 2 2 2 2 1 1 1 2 NA
"225" 2 2 2 2 2 2 2 2 2 2 2 2 2 2 2 2 2 2 2 2 2 NA NA 2 2 1 2 2 2 2 2 2 1 2 2 2 2 NA
"226" 2 2 2 2 2 2 2 2 2 2 2 2 NA 1 2 2 2 1 2 2 2 0 NA 2 2 2 2 2 2 2 2 2 0 2 2 2 NA 0
"227" 2 1 1 2 2 2 2 2 2 1 2 2 2 2 2 1 1 2 2 2 2 2 2 2 1 1 2 2 2 2 2 2 2 1 1 1 2 2
"228" 2 1 1 2 2 1 2 2 2 1 2 2 2 2 2 1 1 2 2 2 2 2 2 2 1 2 2 2 2 2 2 2 2 0 2 2 2 NA
"229" 2 1 1 2 2 1 2 2 2 1 2 2 2 2 2 2 2 2 1 1 2 NA 2 2 2 2 1 2 0 2 2 2 1 1 2 1 2 2
"230" 2 1 1 2 2 1 2 2 2 1 2 2 2 2 2 2 2 2 1 1 2 0 2 2 2 2 2 1 1 2 2 2 2 1 2 2 2 1
"231" 2 1 2 2 2 2 2 2 2 2 2 2 2 2 2 1 1 2 2 2 2 2 NA 2 2 0 2 2 2 2 2 2 1 2 2 1 2 2
"232" 2 2 2 2 2 2 2 2 2 2 NA 2 2 2 2 2 2 2 2 2 2 2 1 NA 2 1 2 2 2 2 2 2 2 2 1 1 2 0
"233" 2 1 2 2 2 2 1 2 2 2 1 2 2 1 1 0 1 2 2 2 NA 2 2 2 2 2 2 2 1 1 1 1 2 1 0 1 2 2
"234" 2 2 2 2 2 2 2 2 2 2 2 2 2 2 2 2 2 2 2 2 2 2 2 2 1 2 2 2 2 0 0 1 1 1 1 1 2 2
"235" 2 0 1 2 2 1 2 2 2 0 2 2 2 2 2 1 1 2 2 2 2 2 2 2 2 2 2 2 2 2 2 2 2 1 2 2 2 2
"236" 2 2 1 NA NA 2 2 2 2 2 2 2 2 2 2 2 2 2 2 2 2 2 2 2 1 2 NA 0 2 2 2 2 2 2 2 2 2 2
"237" 2 2 2 2 2 2 2 1 1 2 2 2 2 2 2 2 2 2 1 1 2 1 NA 2 2 2 2 2 2 1 1 1 2 2 1 1 1 1
"238" 2 2 2 2 2 2 2 2 2 2 2 2 2 2 2 2 2 2 1 1 2 NA NA 2 2 1 2 2 2 2 2 2 1 2 2 2 2 2
"239" 2 1 2 2 2 1 2 1 1 2 2 2 2 2 2 1 1 2 1 1 2 2 2 2 2 2 2 2 2 2 2 2 0 2 2 2 2 2
"240" 2 NA 2 2 2 2 2 2 2 2 2 2 2 1 1 2 2 0 2 2 2 2 NA 2 2 2 2 2 1 1 1 1 2 1 2 2 2 2
"241" 2 2 1 2 2 2 2 2 2 1 2 2 2 2 2 2 2 1 2 2 2 2 2 2 2 2 2 2 2 2 2 2 1 1 2 2 1 1
"242" 2 2 2 2 2 2 2 2 2 2 2 2 2 2 2 2 2 2 2 2 2 2 0 2 2 0 2 2 2 2 2 2 2 2 2 2 2 NA
"243" 2 2 2 2 2 2 2 2 2 2 2 2 1 2 2 2 2 1 1 1 2 NA NA 2 2 2 2 2 2 2 2 2 2 2 1 1 2 2
"244" 2 1 2 2 2 1 2 2 2 2 2 2 2 2 2 2 2 2 2 2 2 2 2 2 2 1 2 2 2 2 2 2 2 2 2 2 NA 2
"245" 2 2 1 2 2 2 1 2 2 1 2 1 2 2 2 2 2 2 1 1 2 2 2 2 1 2 2 2 1 2 2 2 2 1 2 2 2 2
"246" 2 1 1 2 2 2 1 2 2 1 2 2 2 1 1 2 2 2 2 2 2 2 NA 2 NA 2 2 2 1 1 1 1 2 0 2 2 2 2
"247" 2 2 2 2 2 2 2 2 2 2 2 2 2 2 2 1 1 2 2 2 2 2 0 2 2 1 2 2 2 2 2 2 2 2 1 1 2 1
"248" 0 1 2 1 1 1 2 2 2 2 2 2 2 2 1 2 0 2 2 2 2 2 2 2 1 2 2 2 2 1 1 2 2 1 2 1 2 2
"249" 2 2 2 2 2 2 2 2 2 2 1 2 2 2 2 1 1 1 2 2 2 2 1 2 2 2 2 2 2 2 2 2 0 2 1 1 1 2
"250" 2 0 2 2 2 2 2 2 2 2 2 2 2 2 2 1 1 2 1 1 2 2 2 2 2 1 2 2 2 2 2 2 2 2 1 1 1 1
"251" 2 2 2 0 0 2 2 1 1 2 2 2 2 2 2 2 2 1 2 2 1 2 2 2 2 2 2 2 2 2 2 2 2 2 1 1 2 2
"252" 2 1 2 2 2 2 2 1 1 2 2 2 2 2 2 2 2 2 1 1 2 2 2 2 2 2 NA 2 2 2 2 2 2 2 1 1 1 NA
"253" 2 1 2 2 2 2 2 2 2 2 2 2 2 2 2 1 1 2 2 2 2 2 0 2 2 2 2 2 2 2 2 2 1 2 0 0 2 0
"254" 2 2 1 0 1 2 2 2 2 1 2 2 2 2 2 2 2 2 2 2 2 2 2 2 1 2 1 2 2 1 1 2 1 1 1 1 2 2
"255" 2 2 2 2 2 2 2 2 2 2 1 2 2 2 2 0 1 2 2 2 2 2 NA 2 1 2 2 1 2 2 2 2 2 2 1 1 2 2
"256" 2 2 0 2 2 2 2 2 2 1 2 2 2 2 2 2 2 1 2 2 2 2 2 2 2 2 1 2 2 2 2 2 1 1 2 2 1 0
"257" 1 1 2 2 2 1 2 2 2 2 2 2 2 2 2 1 1 2 2 2 2 2 2 2 1 2 2 NA 2 1 1 2 1 2 1 1 2 2
"258" 2 2 2 2 2 2 2 2 2 2 2 2 1 2 2 2 2 2 1 1 2 2 0 2 2 1 2 NA 2 2 2 2 2 2 2 2 2 2
"259" 1 1 2 2 2 2 2 1 1 2 2 2 2 2 2 2 2 2 2 2 2 2 2 2 2 2 2 2 2 2 2 2 1 2 1 1 2 0
"260" 2 1 2 2 2 2 0 2 2 2 2 2 2 1 1 2 2 2 2 2 2 2 2 2 0 2 2 0 1 1 1 1 2 1 2 2 2 2
"261" 1 2 1 2 2 2 1 2 2 1 2 2 2 1 1 2 2 2 2 2 2 2 2 2 2 2 2 0 1 2 2 2 1 0 1 1 2 2
"262" 2 1 2 2 2 2 2 2 2 2 1 1 2 2 2 1 1 2 1 1 NA 2 0 2 2 2 2 2 2 2 2 2 1 2 0 0 2 2
"263" 2 2 2 2 2 2 1 2 2 1 2 1 2 2 2 2 2 2 1 1 2 2 2 2 2 2 0 2 2 1 1 1 2 1 2 1 2 2
"264" 2 2 1 2 2 2 1 2 2 1 2 2 2 2 2 2 2 2 2 2 2 2 0 2 2 2 2 2 2 2 2 2 2 2 0 0 2 0
"265" 2 2 2 1 1 2 1 2 2 1 2 2 2 1 1 2 2 2 2 2 2 2 2 2 2 1 2 2 0 1 1 2 2 1 1 1 2 2
"266" 2 1 2 2 2 1 2 2 2 1 2 2 2 2 2 1 1 2 1 2 2 2 2 2 2 2 2 2 2 2 2 2 2 0 2 2 2 2
"267" 2 2 2 1 1 2 2 1 1 2 2 2 2 2 2 2 2 1 2 2 1 2 2 2 2 1 2 2 2 2 2 2 2 2 1 1 NA 2
"268" 2 1 2 2 2 2 2 2 2 2 2 2 2 2 2 2 2 2 2 2 2 2 1 2 1 2 2 NA 2 1 1 1 2 2 1 1 2 2
"269" 2 2 2 1 1 2 2 2 2 2 2 2 2 2 2 2 2 1 2 2 2 2 2 2 2 1 2 2 1 2 2 2 2 2 2 2 2 NA
"270" 2 2 2 2 2 2 1 2 2 2 2 1 2 2 2 2 2 2 0 0 2 2 2 2 2 2 NA 2 2 1 1 1 2 2 1 1 2 2
"271" 2 2 1 2 2 2 1 2 2 1 2 2 2 1 1 2 2 2 2 2 2 2 0 2 2 2 2 1 1 2 2 2 0 1 1 1 2 2
"272" 2 1 1 2 2 0 2 2 2 2 0 2 2 2 2 0 0 2 2 2 2 2 0 1 2 2 2 2 2 1 1 1 0 2 1 2 2 2
"273" 1 2 2 1 1 2 2 2 2 2 2 2 2 2 2 2 1 2 2 2 2 2 2 2 1 2 2 2 2 1 1 2 2 2 0 0 1 2
"274" 2 2 1 2 2 2 2 2 2 1 1 2 2 2 2 1 1 2 2 2 2 2 2 2 1 2 2 2 2 2 2 2 2 1 2 2 1 2
"275" 2 1 2 1 1 2 2 2 2 2 2 2 2 2 2 2 2 2 2 2 NA NA 2 2 2 2 2 2 2 1 0 1 2 2 1 1 2 NA
"276" 2 1 2 2 2 1 2 2 2 2 2 2 2 2 2 2 2 2 2 2 2 2 0 2 2 1 2 2 2 2 2 2 2 2 2 2 2 2
"277" 2 2 2 1 1 2 2 2 2 2 NA 2 2 2 2 2 2 2 2 2 2 2 1 2 2 1 2 2 2 1 1 1 NA 2 1 1 2 2
"278" 2 2 1 2 2 2 1 2 2 1 2 2 2 2 2 2 2 2 2 2 2 2 1 2 NA 2 2 2 2 2 2 2 2 2 0 0 2 0
"279" 2 2 1 0 0 NA 2 1 1 1 2 2 2 NA 2 2 2 1 2 2 2 2 2 2 1 2 2 NA 2 2 2 2 0 1 1 1 NA NA
"280" 2 2 2 2 2 2 1 2 2 2 2 1 NA 2 2 2 2 2 1 1 2 2 2 2 2 2 2 2 1 1 1 1 2 2 1 1 2 0
"281" 2 2 0 2 2 2 1 2 2 1 2 2 2 2 2 2 2 2 2 2 2 2 2 2 2 2 0 2 2 2 2 2 1 1 1 1 2 1
"282" 2 2 1 NA NA 2 2 1 1 1 2 2 2 2 2 2 2 NA 1 1 2 NA NA 2 2 2 NA 2 2 2 2 2 0 1 2 2 NA NA
"283" 2 1 2 2 2 2 1 2 2 2 2 2 2 1 1 2 2 2 2 2 2 NA 1 2 2 2 2 NA 0 0 0 0 2 0 2 2 2 2
"284" 1 2 2 1 1 2 2 1 1 2 2 2 2 2 2 2 2 1 2 2 0 2 2 2 1 2 NA 2 2 1 1 2 2 2 0 0 2 1
"285" 2 2 1 NA NA 2 2 2 2 0 2 2 2 2 2 2 2 2 2 2 2 2 2 2 0 2 2 0 2 2 2 2 1 1 2 2 2 2
"286" 2 2 1 1 0 2 2 2 2 1 2 2 2 2 2 2 1 2 2 2 2 2 NA 2 2 2 1 2 2 2 2 2 2 2 1 1 0 2
"287" 1 2 2 2 2 2 2 2 2 2 2 2 2 2 2 2 2 2 1 1 NA NA NA 2 1 2 2 2 2 1 1 2 2 2 1 1 2 2
"288" 2 2 2 1 1 2 2 2 2 2 1 2 2 2 2 1 0 2 2 2 2 2 NA 2 2 2 2 2 2 2 2 2 2 2 0 0 1 2
"289" 2 2 1 2 2 2 2 2 2 1 2 2 2 2 2 2 2 2 2 2 2 2 2 2 2 2 2 1 2 1 1 1 1 0 2 2 2 NA
"290" 2 1 1 2 2 2 1 2 2 1 2 2 2 2 2 2 2 2 2 2 2 NA 2 2 2 2 2 2 2 1 2 2 2 2 0 0 2 0
"291" 0 2 2 2 2 2 2 2 2 2 NA 2 2 2 2 1 1 2 2 2 2 2 1 2 1 2 2 2 2 1 1 2 2 2 0 0 2 2
"292" 2 1 2 2 2 2 2 2 2 2 2 2 2 2 2 2 2 2 2 2 2 2 2 2 2 1 2 2 2 1 1 1 2 2 1 1 2 2
"293" 2 1 2 2 2 2 1 1 1 2 2 2 2 1 1 2 1 2 1 1 2 2 2 2 2 2 2 2 1 1 1 1 2 1 2 2 2 2
"294" 2 1 2 2 2 2 1 2 2 2 2 2 2 1 1 2 2 2 2 2 2 NA 2 2 2 2 2 2 1 1 1 1 2 1 2 2 1 NA
"295" 2 2 1 2 2 2 2 2 2 0 NA 2 2 2 2 0 1 2 2 2 2 NA 2 2 2 NA NA 2 2 2 2 2 2 1 2 2 2 2
"296" 2 2 1 2 2 2 2 2 2 1 2 2 2 2 2 2 2 2 2 2 2 2 0 2 2 1 2 2 2 2 2 2 1 2 1 1 NA 1
"297" 2 2 1 2 2 2 2 2 2 1 2 2 2 2 2 2 2 1 2 2 2 NA 2 2 2 2 2 2 2 2 2 2 2 1 1 2 1 0
"298" 2 1 2 2 2 2 1 2 2 2 2 2 2 1 1 2 2 2 2 2 2 2 2 2 2 2 2 2 0 1 1 1 2 1 2 2 2 2
"299" 1 2 2 1 1 2 2 1 0 2 NA 2 2 2 2 2 2 1 2 2 1 2 2 2 2 2 2 2 2 1 1 2 1 2 0 0 2 1
"300" 2 1 1 NA NA NA 2 2 2 1 2 2 2 1 2 2 2 2 2 2 2 2 2 2 2 2 2 2 2 2 2 2 2 1 2 2 2 2
"301" 2 1 1 2 2 2 2 2 2 1 2 2 2 2 2 1 1 2 2 2 2 2 2 2 2 2 2 2 2 2 2 2 2 1 2 2 2 2
"302" 2 2 1 0 0 2 2 1 1 1 2 2 2 2 2 2 2 1 1 1 1 2 2 2 2 2 2 1 2 2 2 2 1 1 1 1 2 2
"303" 2 2 2 2 2 2 1 2 2 1 2 1 2 2 2 2 2 2 2 2 2 2 2 2 2 2 2 0 2 2 2 2 2 1 1 1 NA 2
"304" 2 1 2 2 2 2 2 2 2 2 2 2 2 2 2 2 2 2 2 2 2 2 1 2 2 2 2 2 1 1 1 1 1 1 1 1 2 1
"305" 2 2 2 2 2 2 2 2 2 2 NA 2 2 2 2 2 2 1 2 2 2 2 NA 2 2 2 2 2 2 1 1 1 1 1 2 2 1 1
"306" 2 1 1 2 2 2 1 2 2 1 2 2 2 1 1 2 2 2 2 2 2 2 2 2 0 2 2 2 1 1 1 1 2 0 2 2 2 2
"307" 2 2 2 2 2 2 2 2 2 1 1 2 2 2 2 0 1 2 2 2 2 2 1 2 1 2 2 1 2 2 2 2 2 2 1 1 2 2
"308" 2 2 1 2 2 2 2 2 2 1 2 2 2 2 2 2 2 2 2 2 2 2 2 2 2 2 1 2 2 1 1 1 1 0 2 2 2 2
"309" NA 2 2 2 2 2 1 2 2 2 2 2 2 2 2 2 2 2 2 2 2 2 NA 2 1 2 2 1 2 1 1 2 1 2 0 0 2 NA
"310" 1 2 2 2 2 2 2 2 2 2 2 2 2 2 2 2 2 2 2 2 2 NA 2 2 1 2 2 2 2 0 0 1 1 1 1 1 2 2
"311" 2 1 1 2 2 2 2 2 2 1 2 2 2 2 2 2 1 2 2 2 2 2 2 2 0 2 2 2 2 2 1 1 1 1 1 1 1 2
"312" 2 2 2 2 2 2 2 2 2 2 2 2 2 2 2 1 1 2 2 2 2 2 0 2 2 1 2 2 2 2 2 2 2 2 2 2 2 2
"313" 2 2 2 2 2 2 1 2 2 2 2 2 2 2 2 2 2 2 2 2 2 2 2 2 2 2 2 2 2 2 2 2 1 2 1 1 1 0
"314" 2 1 2 2 2 1 2 2 2 2 2 2 2 2 2 2 2 2 2 2 2 2 2 2 2 2 2 2 1 1 1 1 2 2 1 1 2 NA
"315" 2 1 2 2 2 2 2 2 2 2 2 2 2 2 2 2 2 2 2 2 2 NA 2 2 2 1 2 2 2 2 2 2 2 2 1 1 2 2
"316" 2 1 2 2 2 2 1 2 2 2 2 2 2 2 2 2 2 2 2 2 2 2 2 2 2 2 2 2 1 2 2 2 2 2 2 2 2 NA
"317" 2 2 0 NA NA 2 2 1 1 1 2 2 2 2 2 2 2 2 1 1 2 1 2 2 1 2 2 2 2 2 2 2 2 1 1 2 2 2
"318" 2 1 1 2 2 2 2 2 2 1 2 2 2 2 2 1 1 2 2 2 2 2 1 2 2 1 2 2 2 2 2 2 2 2 0 0 2 1
"319" 2 2 2 NA NA 2 2 2 2 1 2 2 2 2 2 2 2 2 2 2 2 0 NA 2 2 2 2 0 2 2 2 2 2 1 2 2 2 2
"320" 2 2 2 2 2 2 1 2 2 2 2 1 2 2 2 2 2 2 1 1 2 2 NA 2 2 2 2 2 2 1 1 1 2 2 2 2 2 2
"321" 2 2 2 2 2 2 2 2 2 2 2 2 2 2 2 2 2 2 2 2 2 2 2 2 2 1 2 2 2 2 2 2 1 2 2 2 1 0
"322" 2 1 2 2 2 1 2 2 2 2 2 2 2 2 2 1 1 2 2 2 2 2 1 2 1 2 2 1 2 2 2 2 2 2 2 2 2 NA
"323" 2 2 2 1 1 2 2 1 2 2 2 2 2 2 2 2 2 2 2 2 2 2 1 2 2 2 2 2 1 0 0 0 2 2 1 1 2 2
"324" 2 1 2 2 2 2 2 2 2 2 NA 2 2 2 2 2 2 2 1 1 2 2 2 2 2 1 2 2 1 2 2 2 2 2 1 1 2 2
"325" 2 2 2 2 2 2 2 2 2 2 2 2 2 2 2 2 2 0 2 2 2 2 NA 2 2 2 2 2 2 2 2 2 2 2 1 1 1 1
"326" 2 2 1 NA NA 2 2 1 1 1 2 2 2 2 2 2 2 2 1 1 2 NA 2 2 2 2 2 2 2 2 2 2 2 1 2 2 1 2
"327" 2 2 1 2 2 2 2 2 2 1 2 2 2 2 2 2 2 2 1 2 2 2 2 2 2 2 2 2 1 1 1 1 1 1 2 2 2 2
"328" 2 2 2 2 2 2 2 2 2 1 2 2 2 2 2 2 2 2 2 2 2 2 1 2 2 2 2 2 1 2 2 2 2 1 2 2 2 NA
"329" 2 1 1 NA NA 1 2 2 2 1 2 2 2 2 2 2 2 2 2 2 2 2 2 2 2 2 2 1 2 2 2 2 2 1 2 2 2 2
"330" 2 2 1 2 2 2 2 2 2 1 2 2 2 2 2 2 2 2 2 2 2 2 1 2 2 2 2 1 1 2 2 2 2 2 2 1 2 2
"331" 2 2 1 2 2 2 2 2 2 1 2 2 2 2 2 2 2 2 2 2 2 2 0 2 2 1 2 2 2 2 2 2 2 1 1 1 2 1
"332" 2 1 1 NA NA 1 2 2 2 2 2 2 2 2 2 2 2 2 2 2 2 2 2 2 2 2 2 NA 2 2 2 2 2 2 2 2 2 2
"333" 2 2 2 2 2 2 1 2 2 2 2 2 2 2 2 2 2 2 2 2 2 2 NA 2 2 1 2 2 2 2 2 2 0 2 1 1 2 2
"334" 2 2 1 2 2 2 2 2 2 1 2 2 2 2 2 2 2 2 2 2 2 NA 1 2 2 2 2 2 2 1 1 1 1 1 1 1 2 0
"335" 2 2 1 2 2 2 2 2 2 1 2 1 2 2 2 2 2 2 1 1 2 2 2 2 1 2 2 NA 2 1 1 1 2 0 2 2 2 NA
"336" 2 2 1 2 2 2 1 2 2 0 2 1 2 2 2 2 2 2 2 2 2 NA 2 2 1 2 1 NA 2 2 2 2 2 1 2 2 2 NA
"337" 2 2 1 2 2 2 1 2 2 2 NA 2 2 2 2 2 2 2 1 1 2 2 NA 2 2 2 2 1 2 1 1 1 1 2 1 1 2 2
"338" 2 2 1 NA NA 2 1 2 2 2 NA 2 2 2 2 1 2 2 1 1 2 2 2 2 2 2 2 1 2 2 2 2 2 2 1 1 2 NA
"339" 1 2 2 1 1 2 2 1 2 2 2 2 2 2 2 2 2 1 2 2 1 2 2 2 1 2 2 2 2 1 1 2 2 2 0 0 2 0
"340" 2 2 2 2 2 2 2 2 2 2 2 2 2 2 2 2 2 2 2 2 2 2 2 1 2 2 2 2 1 2 2 2 1 1 1 1 0 1
"341" 2 2 0 0 0 2 2 1 1 1 2 2 2 2 2 2 2 1 2 2 0 2 NA 2 1 2 2 2 2 2 2 2 2 1 1 1 NA 1
"342" 2 1 2 2 2 2 2 2 2 2 NA 2 2 2 2 2 2 2 2 1 2 NA 2 2 2 2 1 2 2 2 2 2 2 1 1 1 2 0
"343" 2 2 2 1 1 2 2 2 2 2 2 2 2 2 2 2 1 2 2 1 2 2 1 2 2 1 2 2 2 2 2 2 2 2 1 1 1 2
"344" 2 2 2 2 2 2 1 2 2 2 2 2 2 2 2 2 2 2 2 2 2 2 NA 2 2 2 2 2 2 1 1 1 2 2 0 0 2 NA
"345" 2 2 2 1 1 2 1 2 2 2 2 2 2 1 1 2 1 2 2 2 2 2 2 2 2 2 2 2 1 2 2 2 2 1 1 0 1 2
"346" 2 1 2 2 2 2 1 2 2 2 2 2 2 1 1 2 2 2 2 2 2 2 2 2 2 2 2 2 0 1 1 1 2 1 2 2 2 2
"347" 2 2 0 NA NA 2 2 2 2 0 NA 2 2 2 2 2 2 2 2 2 2 2 NA 2 1 2 1 2 2 2 2 2 1 0 2 2 2 2
"348" 2 2 1 2 2 2 1 2 2 1 2 1 2 2 2 2 2 2 1 1 2 2 0 2 2 2 2 2 2 1 1 1 2 2 1 1 2 1
"349" 2 2 2 2 2 2 2 2 2 1 2 2 2 1 2 2 2 1 2 2 NA 2 2 2 2 2 NA 2 2 2 2 2 2 1 2 2 1 NA
"350" 2 1 1 2 2 2 2 1 1 0 2 2 2 2 2 2 2 2 2 2 2 2 2 2 2 2 NA 2 2 2 2 2 1 1 1 1 2 1
"351" 2 1 2 2 2 2 2 2 2 2 2 2 2 2 2 2 2 2 1 2 2 2 2 2 2 1 NA 2 2 2 2 2 1 2 1 1 NA NA
"352" 2 2 2 2 2 2 2 2 2 0 2 2 2 2 2 2 2 1 2 2 2 2 2 2 2 2 2 NA 2 2 2 2 2 2 0 1 0 NA
"353" 2 1 2 2 2 2 1 2 2 1 2 2 2 2 2 2 2 2 2 2 2 2 2 2 2 2 2 2 2 2 2 2 2 1 2 2 2 2
"354" 2 NA NA 2 2 2 1 2 2 1 NA 2 2 2 2 2 2 NA 2 2 2 NA 2 2 2 2 2 NA 2 2 2 2 1 0 1 1 NA NA
"355" 2 2 2 2 2 2 1 2 2 2 2 2 2 2 2 2 2 1 2 1 2 2 2 2 2 2 2 2 2 1 2 2 1 2 1 1 2 0
"356" 1 2 2 1 1 2 2 2 2 2 2 2 2 2 2 2 1 2 2 2 2 2 2 2 1 1 2 2 2 1 1 2 2 2 0 0 0 2
"357" 2 1 1 2 2 2 2 2 2 1 2 2 2 2 2 2 2 2 2 2 2 2 2 2 2 2 1 2 2 2 2 2 2 1 1 1 2 2
"358" 2 1 2 2 2 2 1 2 2 2 2 2 2 1 1 2 2 2 2 2 2 2 0 2 2 2 2 2 1 1 1 1 2 1 2 1 2 2
"359" 1 2 2 2 2 2 2 1 1 2 2 2 2 2 2 2 2 2 1 1 2 NA 2 2 1 2 2 2 2 1 1 2 2 2 1 1 2 NA
"360" 2 2 2 2 2 2 2 2 2 2 0 2 2 2 2 1 1 1 2 2 2 NA NA 2 2 2 2 2 2 2 2 2 1 2 1 1 2 1
"361" 2 2 1 0 0 2 2 2 2 1 2 2 2 2 2 2 1 2 2 2 2 2 2 2 2 2 1 2 2 2 2 2 2 1 1 1 1 2
"362" 2 2 1 NA NA 2 2 1 1 1 2 2 2 2 2 2 2 2 1 1 2 2 NA 2 NA 2 1 2 2 2 2 2 1 1 2 2 2 2
"363" 2 1 2 2 2 1 2 2 2 2 2 2 2 2 2 1 1 2 2 2 2 2 2 1 2 2 2 2 1 1 1 1 1 2 2 2 2 2
"364" 2 2 2 2 2 2 2 2 2 2 2 2 2 2 2 2 2 2 2 2 2 2 2 1 2 2 2 2 1 2 2 2 1 2 1 1 0 2
"365" 1 1 2 2 2 2 2 1 1 2 2 2 2 2 2 2 2 2 1 1 2 2 2 2 1 2 2 0 2 2 2 2 2 2 1 2 2 2
"366" 2 1 1 2 2 2 2 2 2 1 2 2 2 2 2 1 1 2 2 2 2 NA 1 2 2 1 2 2 2 1 1 1 1 2 1 1 2 NA
"367" 2 2 2 2 2 2 2 2 2 2 2 2 2 2 2 2 2 2 2 2 2 2 1 2 2 1 2 2 2 1 1 1 1 1 2 2 2 2
"368" 2 2 2 2 2 2 2 2 2 2 1 2 2 1 1 1 1 2 2 2 2 2 1 2 2 2 2 2 1 1 1 1 1 1 1 1 2 2
"369" 2 2 2 1 1 2 2 2 2 2 2 2 2 2 2 2 1 NA 2 2 2 2 NA 2 2 0 2 2 2 2 2 2 2 2 1 1 1 2
"370" 2 2 2 1 1 2 2 1 1 2 NA 2 2 2 2 0 0 2 2 2 2 2 2 2 2 2 2 2 2 2 2 2 1 2 1 1 2 2
"371" 2 NA 1 2 2 2 2 2 2 1 2 2 2 2 2 2 2 2 1 1 NA 2 2 2 2 2 2 2 2 2 2 2 2 0 2 1 2 NA
"372" 2 1 0 2 2 2 1 2 2 1 2 2 2 2 2 2 2 2 2 2 2 2 NA 2 0 2 2 1 2 2 2 2 2 1 2 2 2 2
"373" 2 1 1 2 2 2 NA 2 2 1 2 2 2 2 2 2 2 2 2 2 2 2 2 2 2 NA 2 2 2 2 2 2 1 1 1 1 2 0
"374" 2 2 1 NA NA 2 2 2 2 1 2 2 2 2 2 2 2 2 2 2 2 2 NA 2 2 2 1 2 2 2 2 2 2 1 2 2 2 2
"375" 1 2 2 2 2 2 2 2 2 2 0 2 2 2 2 0 0 2 2 2 2 NA NA 2 2 2 2 2 2 2 2 2 2 2 0 1 2 NA
"376" 2 2 0 2 2 2 2 2 2 1 1 2 2 2 2 0 1 2 2 2 2 2 0 2 2 2 2 1 2 2 2 2 1 1 1 1 2 2
"377" 2 2 2 2 2 2 2 2 2 2 NA 2 1 2 2 2 2 1 1 1 2 1 2 2 2 2 2 2 2 2 2 2 2 2 1 1 1 1
"378" 2 2 2 0 0 2 2 1 1 2 2 2 2 2 2 2 2 1 2 2 1 1 NA 2 2 2 2 2 2 2 2 2 1 2 1 1 2 0
"379" 2 2 2 2 2 2 2 2 2 2 1 2 2 2 2 1 1 2 2 2 2 2 0 2 2 2 2 2 2 2 2 2 1 2 1 1 2 2
"380" 2 2 1 2 2 0 2 2 2 1 NA 2 2 2 2 1 1 2 2 1 2 2 2 1 2 2 2 1 2 2 2 2 0 1 2 2 2 NA
"381" 2 1 2 2 2 2 1 2 2 2 2 2 2 1 1 2 2 1 2 2 2 2 NA 2 NA 2 2 2 1 1 1 1 1 1 2 2 1 2
"382" 2 2 2 2 2 2 2 2 2 2 2 2 2 2 2 2 2 2 2 2 NA NA 0 2 2 2 2 2 1 1 1 1 2 1 2 2 NA NA
"383" 2 0 2 2 2 NA 2 2 2 2 2 2 2 2 2 2 2 2 1 1 2 2 2 2 2 2 2 2 2 1 1 1 1 2 1 0 2 2
"384" 2 1 2 2 2 2 1 2 2 2 2 2 2 2 2 1 1 2 2 2 2 2 1 2 NA 1 2 2 2 1 1 1 2 2 1 1 2 NA
"385" 2 1 2 2 2 1 2 2 2 2 0 2 2 2 2 0 0 2 2 2 2 NA 1 1 1 2 2 NA 2 1 1 1 2 2 2 1 2 2
"386" 1 2 2 2 2 2 2 2 2 2 2 1 2 2 2 2 2 2 2 2 2 2 2 1 1 2 2 2 1 1 1 2 2 2 0 0 2 2
"387" 1 NA 2 2 2 1 2 2 2 2 2 2 2 2 2 1 0 2 2 2 2 2 2 2 2 1 2 2 2 2 2 2 1 2 2 2 2 2
"388" 2 2 1 NA NA 2 2 2 2 1 2 2 2 2 2 2 2 2 2 2 2 NA 2 2 2 2 2 2 2 2 2 2 2 1 2 2 2 2
"389" 2 1 2 2 2 2 2 2 2 0 NA 2 2 1 1 2 2 2 2 2 2 NA NA 2 NA 2 2 0 1 1 1 1 1 0 2 2 2 2
"390" 2 2 2 2 2 2 2 2 2 2 2 2 2 2 2 2 2 2 2 2 2 1 2 1 2 2 2 2 0 2 2 2 0 2 1 1 2 2
"391" 2 2 2 1 2 2 2 2 2 2 2 2 2 2 2 2 2 2 1 1 2 2 NA 2 2 2 2 2 1 1 1 1 1 1 2 2 2 2
"392" 2 2 2 1 1 2 2 2 2 2 1 2 2 2 2 1 0 2 1 1 2 2 2 2 2 2 2 2 2 2 2 2 2 2 0 0 0 2
"393" 0 1 2 2 2 2 1 2 2 2 2 2 2 1 1 2 2 2 2 2 2 2 NA 2 0 2 2 2 1 0 0 1 2 1 1 1 2 2
"394" 2 2 2 2 2 1 2 2 2 2 2 2 2 2 2 2 2 2 2 2 2 2 2 1 2 2 2 NA 1 2 2 2 0 2 1 1 2 2
"395" NA 0 NA NA NA NA NA NA 2 NA NA NA NA NA NA 0 NA NA NA NA NA NA NA NA NA NA NA NA NA 2 NA NA NA NA NA 0 2 2
"396" 2 1 1 2 2 2 2 2 2 1 NA NA 2 1 0 2 2 2 1 1 2 2 2 2 2 2 2 2 1 2 1 2 2 1 2 2 NA 2
"397" 2 1 1 2 2 2 2 1 1 1 2 2 2 2 2 2 2 2 2 2 2 2 2 2 1 2 2 2 2 2 2 2 2 1 1 1 2 1
"398" 2 1 2 2 2 1 2 2 2 2 2 2 2 2 2 1 1 0 2 2 2 2 2 1 2 2 2 2 2 1 1 1 1 2 2 2 1 0
"399" 2 2 1 2 2 2 2 2 2 2 0 2 2 2 2 1 1 2 2 2 2 2 1 2 2 2 2 0 2 2 2 2 2 2 2 2 2 2
"400" 2 2 1 NA NA 2 2 2 2 0 2 2 2 2 2 2 2 2 2 2 2 2 1 2 0 2 2 2 2 2 2 2 1 1 2 2 2 2
"401" 1 2 2 2 2 2 2 2 2 2 0 2 2 2 2 2 1 1 2 2 2 NA 1 2 2 2 NA 2 2 2 2 2 1 2 1 1 1 1
"402" 2 1 2 2 2 1 2 2 2 2 2 2 2 2 2 1 1 2 2 1 2 2 2 1 2 2 NA NA 1 2 2 2 1 2 1 1 2 2
"403" 2 2 1 NA NA 2 2 2 2 1 2 2 2 2 2 1 2 2 1 1 2 2 NA 2 1 2 2 2 2 2 2 2 2 1 1 1 2 2
"404" 2 2 2 1 1 2 2 2 2 2 2 2 1 2 2 1 1 2 2 2 2 2 1 2 2 2 2 2 2 1 2 2 2 2 2 2 0 1
"405" 1 2 2 1 1 2 2 2 2 2 2 2 2 2 2 2 1 2 2 2 2 2 NA 2 1 2 2 NA 2 1 1 2 2 2 0 0 1 NA
"406" 2 2 2 2 2 2 2 2 2 2 2 2 2 2 2 2 2 2 1 2 2 2 0 2 2 1 2 2 2 1 1 1 1 1 2 2 NA 2
"407" 2 2 1 NA NA 2 2 2 2 0 NA 2 1 2 2 2 2 2 2 2 2 2 2 2 0 2 NA NA 2 2 2 2 2 1 2 2 2 2
"408" 2 1 2 2 2 2 1 2 2 2 2 0 2 2 1 2 2 2 0 0 2 2 NA 2 2 2 2 2 2 2 2 2 2 2 0 0 2 NA
"409" 2 2 2 2 2 2 2 2 2 2 1 2 2 2 2 1 1 2 2 2 2 2 0 2 2 2 2 2 2 2 2 2 1 2 1 1 1 1
"410" 2 0 2 2 2 1 2 2 2 2 2 2 2 2 2 2 2 2 2 2 2 2 2 2 2 2 2 2 2 1 1 1 1 2 1 1 2 NA
"411" NA 2 1 2 2 2 2 2 2 1 NA 2 2 2 2 1 1 2 1 2 2 2 0 2 2 2 2 2 2 2 2 2 2 2 0 0 2 0
"412" 2 1 1 2 2 2 2 2 1 1 2 2 2 2 2 2 2 2 2 2 2 NA 2 2 2 2 2 NA 2 1 1 1 2 1 1 1 2 2
"413" 2 2 2 2 2 2 2 2 2 2 2 2 1 2 2 2 2 2 1 1 2 2 0 2 2 2 2 2 0 1 1 1 1 1 2 2 2 2
"414" 2 2 1 2 2 2 2 2 2 1 2 2 2 2 2 2 2 2 2 1 2 2 2 2 1 2 2 2 2 1 1 2 1 2 1 1 2 2
"415" 2 1 1 2 2 2 1 2 2 1 2 2 2 1 1 2 2 2 2 2 2 2 2 2 0 2 2 2 1 1 1 1 2 0 2 2 2 2
"416" 2 2 1 NA NA 2 2 2 2 1 2 2 2 2 2 1 2 2 1 1 NA 0 NA 2 2 2 2 2 2 2 2 2 1 2 0 0 2 0
"417" 2 1 1 2 2 2 2 2 2 1 2 2 2 2 2 1 1 2 2 2 2 2 2 2 2 2 0 2 2 2 2 2 1 1 2 2 2 2
"418" 1 2 2 2 2 2 2 2 2 2 0 2 2 2 2 0 0 2 2 2 2 2 1 2 2 1 NA NA 2 2 2 2 1 2 1 1 2 2
"419" 2 2 1 2 2 2 2 2 2 1 2 2 2 2 2 2 2 2 2 2 2 2 NA 2 2 1 NA NA 2 2 2 2 1 1 2 2 2 2
"420" 2 1 2 2 2 2 1 2 2 2 2 2 2 1 1 2 2 2 2 2 2 2 2 2 2 2 2 NA 2 0 0 0 2 1 2 2 2 2
"421" 2 2 2 2 2 2 1 2 2 2 2 1 2 2 2 2 2 2 1 1 2 2 2 2 2 2 2 2 2 1 1 2 2 2 2 2 2 2
"422" 2 1 2 2 2 2 2 2 2 2 NA 2 2 2 2 2 2 2 2 2 2 2 NA 2 2 2 2 NA 2 2 2 2 NA 2 1 2 2 NA
"423" 2 2 2 1 1 2 2 2 2 2 0 2 2 2 2 1 1 2 2 2 2 2 1 2 2 2 2 2 2 2 2 2 2 2 0 0 2 1
"424" 2 2 2 2 2 2 1 2 2 2 2 2 2 2 2 2 2 2 2 2 2 2 2 1 2 2 2 2 1 2 2 2 1 2 1 0 2 2
"425" 1 2 2 2 2 2 NA 2 2 2 2 2 2 2 2 2 2 2 2 2 2 NA NA 2 NA 2 2 NA 2 1 1 2 2 2 1 1 NA 2
"426" 2 2 1 NA 2 2 2 2 2 1 2 2 2 2 2 1 2 2 2 2 2 2 2 2 1 2 2 2 2 2 2 2 2 1 1 1 2 NA
"427" 2 2 2 2 2 2 2 2 2 2 2 2 2 2 2 1 1 2 2 2 2 2 0 2 2 1 2 2 1 1 1 1 0 1 2 2 2 2
"428" 2 1 1 2 2 2 1 2 2 1 2 2 2 1 1 2 2 2 2 2 2 2 2 2 0 2 2 2 1 1 1 1 1 0 2 2 2 2
"429" 2 2 2 1 1 2 NA 1 1 1 1 2 2 2 2 1 1 1 2 2 0 2 1 2 2 2 2 2 2 2 2 2 2 2 0 0 2 2
"430" 2 2 2 2 1 2 1 2 2 2 2 1 2 2 2 2 2 1 1 1 2 2 2 2 2 2 2 NA 1 2 2 2 1 2 2 2 1 1
"431" 2 1 2 2 2 2 2 2 2 2 2 2 2 2 2 2 2 2 2 2 2 2 0 2 2 1 2 NA 2 1 1 1 2 2 1 1 2 2
"432" 2 1 2 NA NA 1 2 2 2 2 2 2 1 2 2 2 2 2 1 1 2 2 1 2 2 2 2 2 2 2 2 2 2 2 2 2 2 2
"433" 2 0 2 2 2 2 1 2 2 2 2 2 2 2 2 2 2 2 1 2 2 2 NA 2 2 2 2 2 2 1 1 1 1 2 0 0 2 2
"434" 2 0 2 2 2 2 2 2 2 2 2 2 2 2 2 2 2 2 1 1 2 2 1 2 2 2 NA 2 2 0 0 0 2 2 0 0 2 2
"435" 2 1 1 2 2 2 2 2 2 1 2 2 2 2 1 2 2 2 2 2 2 2 2 2 NA 2 2 2 2 2 2 2 1 1 1 1 2 0
"436" 2 1 2 1 1 2 2 1 1 2 NA 2 2 2 2 2 2 2 2 2 1 NA 2 2 2 2 2 2 2 1 1 1 2 2 0 0 2 2
"437" 1 2 1 2 2 2 2 2 2 1 NA 2 2 2 2 1 1 2 2 2 2 2 0 2 1 2 2 2 2 2 2 2 1 1 1 1 2 2
"438" 2 2 2 2 2 2 1 2 2 2 NA 2 2 1 1 1 1 2 2 2 2 2 2 2 2 2 2 2 2 1 1 1 2 2 0 0 2 2
"439" 2 2 1 NA NA 2 2 2 2 1 2 2 2 2 2 2 2 2 2 2 2 1 2 2 1 2 NA 2 2 2 2 2 2 1 2 2 2 2
"440" 2 2 2 2 2 2 2 2 2 2 2 2 2 2 2 2 2 2 2 2 2 2 2 2 2 2 2 2 2 2 2 2 2 1 2 2 2 2
"441" 0 1 2 2 2 1 2 2 2 2 2 2 2 2 2 2 1 2 2 2 2 2 NA 2 2 2 2 2 2 1 1 2 2 2 1 1 2 2
"442" 2 1 2 2 2 2 1 1 1 2 2 2 2 2 2 2 2 2 2 2 2 2 NA 2 2 2 2 2 2 1 1 1 1 2 0 0 2 1
"443" 2 2 1 2 2 2 2 2 2 1 2 2 2 2 2 2 2 1 2 2 2 2 2 2 2 2 1 2 2 2 2 2 2 1 2 2 1 NA
"444" 2 2 2 2 2 2 2 2 2 2 2 2 2 2 2 2 2 1 2 2 2 2 1 2 2 1 2 NA 2 2 2 2 2 2 2 2 1 1
"445" 2 2 1 2 2 2 1 2 2 1 2 1 2 2 2 2 2 2 1 1 2 2 2 2 1 2 2 2 2 1 1 2 0 1 2 2 2 2
"446" 2 2 2 2 2 2 1 2 2 1 2 1 2 1 2 2 2 2 1 1 2 2 2 2 2 2 2 2 2 1 1 2 1 2 2 2 2 2
"447" 2 1 2 2 2 2 2 2 2 2 2 2 2 2 2 1 1 2 2 2 2 2 2 2 2 2 2 2 2 1 1 1 2 2 1 1 2 2
"448" 2 2 2 2 2 2 2 2 2 2 NA 2 2 2 2 2 1 0 2 2 2 NA NA 2 2 2 2 NA 2 2 2 2 1 2 2 2 NA 1
"449" 2 0 2 2 2 2 NA 2 2 2 2 2 2 2 2 2 2 2 2 2 2 2 1 1 2 2 2 2 1 0 0 0 0 1 2 2 2 2
"450" 2 2 2 2 2 2 2 2 2 2 2 2 2 2 2 2 2 2 2 2 2 2 1 2 2 1 2 2 2 2 2 2 1 1 2 2 2 0
"451" 2 2 2 2 NA NA 0 2 2 2 NA 2 2 2 2 NA 2 2 2 2 2 2 NA 2 2 NA NA 2 2 1 1 1 2 2 0 0 NA NA
"452" 1 2 2 2 2 2 2 2 2 2 NA 2 2 2 2 2 2 1 2 2 2 2 NA 2 1 2 2 2 2 1 1 2 1 2 1 1 NA NA
"453" 2 2 2 2 2 2 2 1 1 2 2 2 2 2 2 2 2 2 1 1 2 2 2 2 2 2 2 2 1 1 1 1 2 1 2 2 2 2
"454" 2 2 2 0 0 2 2 2 2 1 NA 2 2 2 2 2 1 2 2 1 2 2 2 2 2 2 2 1 2 2 2 2 1 1 1 1 2 2
"455" 2 1 1 2 2 1 2 2 2 1 2 2 2 2 2 1 1 2 2 2 2 2 2 2 2 2 2 2 2 2 2 2 1 0 2 2 2 NA
"456" 2 2 2 2 2 2 2 2 2 1 NA 2 2 2 2 0 1 2 2 2 2 2 NA 2 2 2 2 2 2 1 1 1 2 1 1 1 2 2
"457" 2 2 2 2 2 2 2 2 2 1 2 2 2 2 2 2 2 2 2 2 2 2 NA 2 2 2 2 2 2 1 1 1 1 0 2 2 2 2
"458" 0 1 NA 2 2 2 2 2 2 2 2 2 2 2 2 2 2 1 2 2 2 2 2 2 1 2 2 1 2 0 0 1 2 2 0 0 NA 2
"459" 2 2 1 0 0 NA NA 1 1 2 NA 2 2 2 2 2 2 NA 1 2 1 2 2 2 2 2 1 NA 2 2 2 2 2 1 1 1 2 1
"460" 2 2 1 2 2 2 2 2 2 1 2 2 2 2 2 2 2 2 2 2 2 2 2 2 2 2 2 2 2 2 2 2 0 1 1 1 NA NA
"461" 2 2 2 2 2 2 1 2 2 2 2 2 2 2 2 1 1 2 1 1 2 2 1 2 2 2 2 2 2 2 2 2 2 2 0 0 2 2
"462" 2 2 1 1 0 2 2 1 1 1 2 2 2 2 2 2 2 1 1 2 1 NA 2 2 2 2 2 2 2 2 1 2 1 1 1 1 2 1
"463" 2 2 2 1 1 2 2 2 2 2 2 2 2 2 2 2 1 2 2 2 2 2 0 2 2 1 2 NA 2 2 2 2 1 2 1 1 NA 2
"464" 2 2 1 NA NA 2 2 2 2 1 2 2 1 2 2 2 2 2 1 1 2 2 0 2 2 2 2 2 2 2 2 2 2 2 1 1 2 NA
"465" 2 1 2 2 2 2 2 2 2 2 2 2 2 2 2 2 2 2 2 2 2 2 2 2 2 2 NA 2 2 1 1 1 2 2 1 1 NA 1
"466" 2 2 2 2 2 2 2 2 2 2 NA 2 1 2 2 1 1 1 2 2 2 NA 2 2 2 2 2 2 2 2 2 2 1 2 2 2 1 0
"467" 2 1 1 2 2 2 1 2 2 1 2 2 2 1 1 2 2 2 2 2 2 2 2 2 1 2 2 2 2 1 1 1 1 1 1 1 2 1
"468" 1 2 2 2 2 2 2 2 2 2 2 2 2 2 2 2 2 2 2 2 2 2 2 2 1 2 2 2 2 1 1 2 1 2 1 1 1 1
"469" 2 2 2 2 2 2 1 2 2 2 2 2 2 1 1 2 2 2 2 2 NA 2 2 2 2 1 2 2 2 2 2 2 1 2 1 1 2 NA
"470" 2 2 2 2 2 2 2 2 2 2 2 2 2 2 2 2 2 2 2 2 2 2 0 2 2 0 2 2 2 2 2 2 2 2 2 2 2 2
"471" 2 2 1 0 0 2 2 1 1 1 2 2 2 2 2 2 2 1 2 2 0 2 2 2 1 2 2 1 2 2 2 2 2 1 1 1 2 1
"472" 2 1 NA 2 2 1 2 2 2 2 NA 2 2 2 2 1 1 2 2 2 NA 2 0 1 2 1 2 2 2 1 1 1 1 1 2 2 2 2
"473" 2 0 2 2 2 2 1 2 2 2 2 2 2 1 1 2 2 2 2 2 2 2 2 2 2 2 2 2 1 1 1 1 1 1 1 1 2 1
"474" 2 1 1 2 2 1 2 2 2 1 2 2 2 2 2 2 2 2 1 1 2 0 2 2 2 2 2 2 1 2 2 2 1 1 2 2 2 2
"475" 2 1 2 2 2 2 2 1 1 2 2 2 2 2 2 2 2 2 0 0 2 2 2 2 2 2 2 2 2 2 2 2 2 2 1 1 2 2
"476" 2 1 0 NA NA NA 2 2 2 0 2 2 2 2 2 2 2 2 2 2 2 NA 2 2 2 2 1 2 2 2 2 2 2 1 2 2 2 NA
"477" 2 2 2 1 1 2 2 2 2 2 2 2 2 2 2 2 1 2 2 2 2 2 2 2 2 2 2 NA 1 1 1 1 2 1 1 1 1 NA
"478" 1 2 2 2 2 2 1 2 2 2 2 2 2 2 2 2 2 2 2 2 2 2 NA 2 1 2 2 2 2 1 1 2 2 2 0 0 2 0
"479" 2 2 2 2 2 2 2 2 2 2 2 2 1 2 2 2 2 1 1 1 2 2 0 2 2 2 2 2 1 1 1 1 2 1 1 1 2 2
"480" 2 1 2 0 0 1 2 1 1 2 2 2 2 2 2 2 2 1 2 2 2 NA 2 2 2 2 2 2 2 2 2 2 2 2 1 1 2 2
"481" 2 2 2 1 1 2 2 2 2 2 2 2 2 2 2 2 2 1 2 2 2 2 2 2 2 2 2 NA 2 1 1 1 2 2 1 1 1 0
"482" 2 2 1 0 0 2 2 2 2 1 2 2 2 2 2 2 1 2 2 2 2 2 2 2 2 2 NA 2 2 2 2 2 0 1 1 1 0 2
"483" 2 1 2 2 2 2 0 2 2 2 2 1 2 2 2 2 2 2 1 1 2 2 2 2 2 2 2 2 2 0 0 0 2 2 1 1 NA 2
"484" 2 1 2 2 2 2 1 2 2 2 NA 2 2 2 2 2 2 2 2 2 2 2 2 2 2 2 2 2 2 1 1 1 2 2 0 0 NA 1
"485" 2 2 1 2 2 2 2 1 1 1 2 2 2 2 2 2 2 2 2 2 2 2 2 2 2 2 1 2 1 1 1 2 2 1 1 1 2 0
"486" 2 2 1 0 0 2 2 2 2 1 2 2 2 2 2 2 1 2 2 2 2 2 2 2 2 2 2 2 2 2 2 2 1 1 1 1 0 2
"487" 2 0 2 2 2 2 2 2 2 2 2 2 2 2 2 1 1 2 1 1 2 2 2 2 2 1 2 2 2 2 2 2 2 2 1 1 2 2
"488" 2 1 2 2 2 2 2 2 2 2 2 2 2 2 2 2 2 2 2 2 2 2 1 2 2 2 2 2 2 1 1 1 2 2 1 1 2 2
"489" 2 2 2 2 1 2 2 2 2 2 2 2 2 2 2 2 2 2 2 2 2 NA 2 2 2 1 2 2 2 1 2 2 1 1 1 2 2 2
"490" 2 2 1 NA NA 2 2 2 2 1 2 2 1 2 2 2 2 2 1 1 2 2 2 2 2 2 1 NA 2 2 2 2 1 1 2 2 2 2
"491" 2 2 2 2 2 2 1 1 1 2 2 1 2 2 2 2 2 1 1 1 2 1 2 2 2 2 2 2 2 2 2 2 2 2 2 2 1 1
"492" 2 1 1 2 2 2 2 2 2 1 NA 2 2 2 2 2 2 2 2 2 2 2 2 2 1 2 2 1 2 1 1 1 1 1 1 1 2 2
"493" 2 2 NA 2 2 2 2 2 2 2 1 2 2 2 2 1 1 2 2 2 2 2 2 2 2 2 2 2 2 2 2 2 1 2 0 0 2 2
"494" 0 1 2 2 2 2 2 2 2 2 2 1 2 2 2 2 2 2 1 1 2 2 NA 2 1 2 NA 2 2 1 1 2 1 1 1 1 2 2
"495" 1 2 0 2 2 2 2 2 2 1 2 2 2 2 2 1 1 2 2 2 2 2 0 2 2 2 2 2 2 2 2 2 2 2 0 0 2 1
"496" 2 0 2 2 2 2 1 1 1 2 2 2 2 1 1 2 2 2 1 1 NA 2 2 2 2 2 2 2 1 1 1 1 2 1 2 2 2 2
"497" 2 0 2 2 2 2 2 2 2 2 2 2 2 2 2 1 1 2 2 2 2 2 2 2 2 1 2 2 2 2 2 2 1 2 1 1 2 1
"498" 2 2 1 2 2 2 2 2 2 1 NA 2 2 2 2 2 2 1 2 2 2 2 2 2 2 2 2 1 2 2 2 2 1 1 2 2 1 2
"499" 2 2 1 2 2 2 2 2 2 1 2 2 2 2 2 2 1 2 2 2 2 2 0 2 2 2 2 2 2 2 2 2 0 2 1 1 2 2
"500" 2 2 2 2 2 NA 2 2 2 2 2 2 2 2 2 2 2 2 1 1 NA 0 2 2 2 2 2 2 1 2 2 2 1 2 2 2 2 NA
"501" 2 1 1 2 2 1 2 2 2 1 NA 2 2 2 2 2 1 2 2 2 2 2 2 2 1 2 2 1 0 2 2 2 2 0 1 1 2 2
"502" 2 2 0 2 2 2 1 2 2 1 2 2 2 2 2 2 2 2 2 2 2 2 NA 2 2 2 1 2 2 2 2 2 2 1 1 1 2 2
"503" 2 2 2 2 2 2 1 2 2 2 2 2 2 2 2 2 2 2 2 2 2 2 2 2 2 1 2 2 2 2 2 2 2 2 1 1 2 2
"504" 2 2 2 2 2 2 2 2 2 2 2 2 2 2 2 2 2 2 2 2 2 NA 2 2 0 2 2 NA 1 2 2 2 2 2 1 1 NA NA
"505" 2 2 1 2 2 2 1 2 2 1 2 1 2 2 2 2 2 2 2 2 2 2 2 2 2 2 1 2 2 2 2 2 2 1 1 1 2 NA
"506" 2 2 2 0 0 2 NA 1 1 1 NA 2 2 2 2 2 2 2 2 2 NA 2 NA 2 2 2 NA 2 2 2 2 2 1 1 1 1 NA 0
"507" 2 0 1 2 2 2 2 1 1 1 2 2 2 2 2 2 2 2 1 1 2 1 NA 2 2 2 2 0 2 2 2 2 1 1 2 2 1 2
"508" 2 2 2 2 2 2 2 2 2 2 2 2 2 2 2 2 2 NA 2 2 2 2 2 1 2 2 2 2 1 2 2 2 1 NA 0 0 2 2
"509" 2 1 1 2 2 2 2 2 2 1 2 2 2 2 2 1 1 2 2 2 2 NA NA 2 2 1 2 2 2 2 2 2 2 1 2 2 2 2
"510" 2 2 2 2 2 2 2 2 2 2 2 2 2 2 2 1 1 2 2 2 2 2 2 2 NA 2 NA 2 1 2 2 2 1 2 1 1 NA 2
"511" 2 2 1 NA NA 2 2 2 2 1 2 2 1 2 2 2 2 2 1 1 2 2 NA 2 2 2 NA 2 1 2 2 2 2 0 2 2 2 NA
"512" 2 2 1 2 2 2 2 2 2 1 NA 2 2 2 2 2 2 1 2 2 2 2 2 2 2 2 2 1 2 2 2 2 1 1 2 2 1 1
"513" 2 2 1 2 2 2 2 2 2 1 2 2 2 2 2 2 2 2 2 2 2 NA 2 2 1 1 2 2 2 2 2 2 2 1 2 2 2 2
"514" NA 1 2 2 2 2 2 2 2 1 2 2 2 2 2 1 1 2 2 2 2 2 1 2 2 1 2 2 2 2 2 2 2 2 1 1 2 NA
"515" 2 2 2 2 2 2 2 2 2 2 2 2 2 2 2 2 2 2 1 1 2 NA 2 2 2 2 2 2 1 1 1 0 2 2 2 2 2 2
"516" 0 1 2 2 2 2 2 1 1 2 2 2 2 2 2 2 2 2 2 2 2 2 2 2 1 2 2 2 2 1 1 2 1 2 1 1 2 NA
"517" 2 1 1 2 2 2 2 2 2 1 2 2 2 2 2 2 2 2 2 2 2 2 2 2 2 2 2 2 1 2 2 2 2 1 2 2 2 2
"518" 2 2 2 2 2 2 2 2 2 2 0 2 2 2 2 1 1 2 2 2 2 1 NA 2 2 2 2 2 2 2 2 2 1 2 1 1 2 2
"519" 2 2 1 2 2 2 1 2 2 1 2 2 2 2 2 2 2 2 2 2 2 2 2 2 2 2 2 2 2 2 2 2 1 1 1 1 2 0
"520" 2 0 1 NA NA 1 2 2 2 1 2 2 2 2 2 2 2 2 2 2 2 2 2 2 1 2 2 2 2 2 2 2 2 1 1 2 2 2
"521" 2 2 2 1 1 2 2 2 2 2 NA 2 2 2 2 2 1 2 2 2 NA NA 2 1 2 2 NA 2 1 2 2 2 1 2 0 0 1 2
"522" 2 2 1 2 2 2 2 2 2 2 2 2 2 2 2 2 2 2 0 1 2 0 NA 2 2 2 2 2 2 2 2 2 2 1 2 2 2 2
"523" 2 1 1 2 2 2 2 2 2 1 2 2 2 2 2 2 2 2 1 1 2 2 2 2 2 2 2 2 2 2 2 2 2 1 1 1 2 2
"524" 2 1 2 2 2 2 2 1 1 2 2 2 2 2 2 2 2 2 0 0 2 1 2 2 2 2 2 2 2 2 2 2 2 2 1 1 1 2
"525" 2 2 2 NA NA 2 2 1 1 2 2 2 1 2 2 2 2 1 0 0 NA NA 2 2 2 2 2 2 2 2 2 2 2 2 1 1 1 2
"526" 1 2 1 2 2 2 2 2 2 2 2 2 2 2 2 2 2 2 2 2 2 2 2 2 1 2 2 1 2 1 1 2 2 2 1 1 2 2
"527" 2 2 1 0 0 2 2 2 2 1 2 2 2 2 2 2 1 2 2 2 2 NA 2 2 2 2 NA 2 2 2 2 2 2 1 1 1 0 NA
"528" 2 2 1 0 0 2 2 1 1 1 2 2 2 2 2 2 2 1 1 1 2 2 NA 2 2 2 2 2 2 2 2 2 1 1 1 1 2 2
"529" 2 2 1 2 2 2 1 2 2 0 2 2 2 2 2 2 2 2 2 1 2 NA 2 2 2 2 2 2 2 2 2 2 1 1 1 1 2 1
"530" 2 NA 1 NA NA 2 2 2 2 1 NA 2 1 2 2 2 2 2 1 1 2 2 2 2 2 2 0 2 2 2 2 2 1 1 2 2 2 2
"531" 2 2 2 0 0 2 2 0 0 2 2 2 2 2 2 2 2 0 2 2 0 2 2 2 2 2 2 2 2 2 2 2 2 2 1 0 2 0
"532" 2 2 2 2 2 2 2 2 2 2 2 2 2 2 2 2 2 1 2 2 2 2 2 2 2 2 2 2 2 2 2 2 1 2 1 1 1 0
"533" 2 1 2 2 2 2 0 2 2 1 2 2 2 1 1 2 2 2 2 2 2 2 1 2 2 2 2 1 1 1 1 1 2 0 2 2 2 2
"534" 2 1 2 2 2 2 1 2 2 2 2 2 2 2 1 2 2 2 2 2 2 2 2 2 2 2 2 2 1 2 2 2 1 2 1 1 2 0
"535" 2 2 1 2 2 2 2 2 2 0 2 2 2 2 2 2 2 1 1 2 2 2 2 2 2 2 2 2 2 2 2 2 1 1 2 2 0 2
"536" 2 2 2 2 2 2 2 2 2 2 2 2 2 2 2 2 2 2 2 2 2 2 2 1 2 2 2 2 1 2 2 2 1 2 1 1 2 NA
"537" 2 2 2 2 2 2 2 2 2 2 2 2 2 2 2 2 2 1 2 2 2 2 NA 2 2 1 2 2 2 2 2 2 0 2 1 2 0 NA
"538" 2 2 1 NA NA 2 2 2 2 1 2 2 2 2 2 2 2 2 1 1 2 2 2 2 2 2 2 2 2 2 2 2 0 1 1 1 2 1
"539" 2 1 2 2 2 2 0 2 2 2 2 2 2 1 1 2 2 2 2 2 2 2 2 2 2 2 2 2 1 1 1 1 1 1 1 1 2 1
"540" 2 1 2 2 2 1 2 2 2 2 2 2 2 2 2 1 1 2 2 2 2 2 2 0 2 2 2 2 1 1 1 1 2 2 1 1 2 2
"541" 2 1 1 2 2 1 2 2 2 1 2 2 2 2 2 1 1 2 2 2 2 2 2 2 2 2 2 2 1 2 2 2 2 0 1 1 2 2
"542" 2 1 2 2 2 2 2 2 2 2 1 2 2 2 2 1 1 2 1 1 2 2 0 2 2 2 2 2 2 1 1 1 2 2 0 0 2 2
"543" 2 2 2 2 2 2 2 1 1 2 2 2 2 2 2 2 2 2 1 1 2 1 1 2 2 1 2 2 2 2 2 2 1 2 2 2 2 2
"544" 2 2 1 2 2 2 NA 2 2 1 2 2 2 2 2 2 1 2 2 2 2 NA 2 2 2 1 2 2 2 2 2 2 2 2 1 0 2 1
"545" 2 2 2 0 0 2 2 2 1 2 2 2 2 2 2 2 2 1 1 1 2 NA 2 2 2 2 2 2 1 1 1 1 1 2 1 1 2 0
"546" 1 1 2 2 2 1 2 2 2 2 2 2 2 2 2 2 2 2 2 2 2 2 2 2 1 2 2 NA 2 1 1 2 2 2 1 1 2 2
"547" 2 1 0 2 2 2 2 2 2 1 NA 0 2 2 2 2 2 2 1 1 2 2 2 2 2 2 2 2 2 2 2 2 1 0 2 2 2 2
"548" 2 2 2 2 2 1 2 2 2 2 2 2 2 2 2 2 2 2 2 2 2 2 1 2 2 0 2 2 2 2 2 2 2 2 2 2 NA NA
"549" 2 1 1 2 2 2 2 2 2 1 NA 2 2 2 2 1 1 2 2 2 2 2 2 2 2 1 2 2 2 2 2 2 1 1 2 2 2 2
"550" 2 2 1 2 2 NA 1 2 2 1 2 1 2 2 2 2 2 2 1 2 2 2 2 2 2 2 1 NA 2 1 1 1 2 0 2 2 2 2
"551" 2 1 2 2 2 2 1 2 2 2 NA 2 2 2 2 2 2 2 2 2 2 2 1 2 2 2 2 2 2 1 1 1 1 2 0 0 2 0
"552" 2 0 2 2 2 1 2 1 1 2 NA 2 2 2 2 1 1 2 1 1 2 2 2 1 NA 2 2 NA 2 1 1 1 1 2 2 2 1 NA
"553" 2 2 2 2 2 2 NA 2 2 2 2 2 2 2 2 1 1 2 2 2 2 2 1 2 2 2 2 NA 1 1 1 1 2 2 2 2 2 2
"554" 2 2 1 NA NA 2 2 2 2 1 2 2 1 2 2 2 2 2 1 1 2 2 1 2 2 2 2 2 2 2 2 2 0 1 2 2 NA 2
"555" 2 2 1 0 0 2 2 1 1 1 2 2 2 2 2 2 2 1 2 2 1 2 NA 2 2 2 2 NA 2 2 2 2 2 1 1 1 2 1
"556" 2 2 1 2 2 2 1 2 2 1 2 2 2 2 2 2 2 2 2 2 2 2 2 2 2 2 1 2 2 2 2 2 2 1 1 1 2 1
"557" 2 1 2 2 2 1 2 2 2 2 2 2 2 2 2 2 2 2 2 2 2 2 2 2 2 1 2 2 2 2 2 2 1 2 2 2 2 2
"558" NA 2 1 2 2 2 2 2 2 1 NA 1 2 2 2 2 2 2 2 2 2 2 2 2 0 2 NA NA 2 2 2 2 0 1 1 1 2 NA
"559" 2 2 1 2 2 2 2 2 2 1 0 2 2 2 2 0 1 2 2 2 2 2 1 2 2 2 2 2 2 2 2 2 2 1 1 1 NA 2
"560" 2 1 1 2 2 2 2 2 2 1 2 2 2 2 2 2 2 1 2 2 2 2 2 2 2 2 2 1 2 2 2 2 1 1 1 1 1 1
"561" 2 1 2 2 2 2 2 1 1 2 2 2 2 2 2 2 2 2 1 1 2 1 2 2 2 2 2 2 2 2 2 2 1 2 1 1 NA 1
"562" 2 0 2 2 2 2 2 2 2 2 2 2 2 2 2 2 2 2 2 2 2 2 2 2 2 2 2 2 2 0 0 0 2 1 1 1 2 2
"563" 2 2 1 2 2 2 2 2 2 1 2 2 2 2 2 2 2 2 2 2 2 2 2 2 2 2 2 2 2 1 1 1 1 0 2 2 2 2
"564" 2 1 2 2 2 2 2 2 2 2 2 2 2 2 2 1 2 2 2 2 2 NA 2 2 2 2 2 2 2 1 1 1 2 1 1 1 2 1
"565" 2 1 2 2 2 2 2 2 2 2 1 2 2 2 2 1 1 2 2 2 2 2 NA 2 2 2 2 2 2 1 1 1 2 2 1 1 2 2
"566" 2 2 1 2 NA 2 2 2 2 1 2 2 2 2 2 2 2 2 2 1 2 NA 2 2 2 2 2 1 2 2 2 2 1 1 1 1 2 1
"567" 2 0 1 2 2 1 2 2 2 1 2 2 2 2 2 1 1 2 2 2 2 2 2 2 1 2 2 2 2 2 2 2 1 1 2 2 NA 2
"568" 2 2 1 2 2 2 2 2 2 1 2 2 2 2 2 2 2 2 2 2 2 2 2 2 2 2 NA 2 2 1 1 1 2 0 2 2 2 NA
"569" 2 2 1 2 2 2 2 2 2 1 2 2 2 2 2 2 2 2 2 2 2 2 NA 2 1 2 2 2 1 1 1 1 1 0 2 2 2 2
"570" 2 1 2 2 2 2 2 1 1 2 2 2 2 2 2 2 2 2 1 1 2 1 2 2 2 2 NA 2 2 1 1 1 1 2 1 1 1 2
"571" 2 0 2 NA NA 1 2 2 2 2 NA 2 2 2 2 2 2 2 2 2 2 2 2 2 1 2 1 2 2 2 2 2 1 1 2 2 2 2
"572" 2 2 1 NA NA 2 2 2 2 0 2 2 2 2 2 2 2 2 2 2 2 2 NA 2 0 2 2 0 2 2 2 2 0 1 2 2 2 2
"573" 2 2 2 2 2 2 2 2 2 1 2 2 2 2 2 2 2 2 2 2 2 2 NA 2 2 2 NA 1 2 2 2 2 2 1 1 1 2 NA
"574" 2 1 2 2 2 1 2 2 2 2 2 2 2 2 2 2 1 1 2 2 2 NA 2 1 2 2 2 2 2 1 1 1 1 2 2 2 NA 2
"575" 2 1 1 2 NA 1 2 2 2 1 2 2 2 2 2 2 2 2 2 2 2 2 2 2 2 2 2 2 2 2 2 2 2 1 2 2 2 NA
"576" 2 0 2 2 2 1 2 2 2 2 2 2 2 2 2 2 2 2 2 2 2 2 2 2 2 2 2 2 2 1 1 1 2 2 1 1 2 2
"577" 2 2 2 2 2 2 2 2 2 2 2 2 2 2 2 2 2 0 2 2 2 2 2 2 2 2 NA 2 2 2 2 2 1 2 1 1 1 NA
"578" 2 2 2 2 NA 2 1 2 2 2 2 2 1 1 1 2 2 2 1 1 NA 2 2 2 2 2 2 2 1 2 2 2 2 1 1 1 2 NA
"579" 2 2 2 2 2 2 2 2 2 2 2 2 2 2 2 2 2 1 2 2 2 2 2 2 2 2 2 2 2 2 2 2 1 2 2 2 0 1
"580" 2 2 1 0 0 2 2 1 1 1 2 2 2 2 2 2 2 1 2 1 2 NA 2 2 2 2 1 2 2 2 2 2 1 1 1 1 2 1
"581" 2 2 2 2 2 2 2 1 1 2 2 2 2 2 2 2 2 2 1 1 2 2 NA 2 2 1 2 2 2 2 2 2 2 2 2 2 2 2
"582" 2 2 2 2 2 2 2 2 2 2 2 2 2 2 2 2 2 2 2 2 2 2 NA 2 2 2 2 2 2 1 1 1 2 1 2 2 2 2
"583" 2 2 2 2 2 2 2 2 2 2 1 2 2 2 2 0 0 2 2 2 2 2 2 2 2 2 2 2 2 2 2 2 0 2 1 1 2 2
"584" 2 2 2 2 2 2 1 2 2 2 2 2 2 2 2 2 2 1 2 2 2 2 2 2 2 2 2 2 2 2 2 2 2 2 0 0 2 2
"585" 2 2 NA NA NA 2 2 2 2 NA NA NA 2 2 2 NA 2 2 2 2 2 NA NA 2 0 2 NA NA 2 2 2 2 0 NA 2 NA NA NA
"586" 2 2 0 2 2 2 1 2 2 1 2 2 2 2 2 2 2 2 2 2 2 2 2 2 2 2 0 2 2 2 2 2 2 1 1 1 2 1
"587" 2 1 2 2 2 1 2 2 2 2 2 2 2 2 2 2 2 0 1 1 2 2 2 2 2 2 2 2 2 2 2 2 1 NA 2 2 1 0
"588" 2 2 2 2 2 2 2 2 2 2 2 2 2 2 2 2 2 2 2 2 2 2 1 2 1 1 2 1 2 2 2 2 2 1 2 2 2 2
"589" 2 2 2 2 2 2 1 2 2 2 2 2 2 2 2 2 2 2 2 2 2 2 2 2 0 2 2 2 2 2 2 2 0 1 2 2 2 2
"590" 2 2 2 2 2 2 2 2 2 2 2 2 2 2 2 2 2 2 1 2 2 1 NA 2 2 2 2 2 1 1 1 1 1 1 2 2 2 2
"591" 2 1 2 2 2 2 2 2 2 2 NA 2 1 2 2 1 2 2 0 0 2 2 2 2 2 2 2 NA 2 2 2 2 2 2 1 1 2 2
"592" 2 1 1 2 2 1 2 2 2 1 2 2 2 2 2 0 1 2 2 1 NA 2 NA 2 2 2 2 2 2 2 2 2 1 1 2 2 2 2
"593" 2 1 2 2 2 2 1 2 2 2 0 2 2 2 2 1 1 2 2 2 2 2 0 2 2 2 2 2 2 2 2 2 2 2 1 1 2 2
"594" 1 2 2 2 2 NA 2 2 2 2 2 2 2 2 2 2 2 2 2 2 2 2 1 2 2 0 2 2 2 1 1 2 1 2 1 1 2 2
"595" 2 1 2 2 2 2 2 2 2 2 2 1 2 2 2 2 2 2 1 1 2 2 0 2 2 1 2 2 2 2 2 2 2 1 2 2 2 2
"596" 2 2 2 2 2 2 1 2 2 2 2 2 2 2 2 2 2 1 2 2 2 2 2 2 2 2 2 2 2 2 2 2 1 2 1 1 1 NA
"597" 2 2 1 NA NA 2 2 2 2 0 2 2 2 2 2 2 2 2 2 2 2 2 2 2 1 2 2 NA 2 2 2 2 2 1 2 2 2 2
"598" 2 2 1 NA NA 2 2 2 2 0 2 2 2 2 2 2 1 2 2 2 2 2 2 2 0 2 2 0 2 2 2 2 2 1 2 2 2 2
"599" 2 2 1 2 2 2 2 2 2 1 0 2 2 2 2 1 1 2 2 2 NA NA 1 2 1 2 2 2 2 2 2 2 1 1 1 1 2 2
"600" 2 2 2 2 2 2 1 2 2 2 0 2 2 1 1 1 1 2 2 2 2 2 0 2 2 2 2 2 2 2 2 1 1 1 0 0 2 2
"601" 1 2 1 2 2 2 2 2 2 1 0 2 2 2 2 1 1 2 2 2 2 2 2 2 2 1 NA 2 2 2 2 2 2 1 2 2 2 2
"602" 2 1 2 2 2 2 1 2 2 2 2 2 2 1 1 2 2 2 2 2 2 NA 0 2 2 2 NA 2 1 1 1 1 1 1 2 2 2 NA
"603" 2 1 1 2 2 1 2 2 2 1 2 2 2 2 2 2 2 1 2 2 2 2 2 2 2 2 2 2 2 1 2 2 2 1 2 2 2 NA
"604" 2 2 2 1 2 2 1 2 2 2 NA 2 2 2 2 2 2 2 2 2 2 2 NA 2 2 1 2 2 2 2 2 2 1 2 1 1 2 1
"605" 2 2 2 2 2 2 1 2 2 1 2 2 2 2 2 2 2 2 2 2 2 NA 1 2 2 2 2 1 2 2 2 2 2 1 1 1 2 2
"606" 2 2 1 2 2 2 2 2 2 1 NA 2 2 2 2 2 2 1 2 2 2 2 NA 2 2 2 2 2 2 2 2 2 1 1 2 2 2 1
"607" 2 1 1 2 2 2 0 2 2 2 2 2 2 2 2 2 2 2 2 2 2 NA 2 2 1 2 2 0 2 2 2 2 2 2 1 1 2 1
"608" 1 2 2 2 2 2 2 2 2 2 NA 2 2 2 2 2 2 2 2 1 2 2 2 2 1 2 2 2 2 1 1 2 1 2 0 0 2 1
"609" 2 2 1 0 0 2 2 1 1 1 2 2 2 2 2 2 2 1 2 2 0 2 2 2 2 2 2 2 2 2 2 2 2 1 1 1 NA NA
"610" 2 2 1 0 0 2 2 1 1 2 2 2 2 2 2 2 2 1 2 2 0 2 2 2 2 2 2 1 2 2 2 2 2 2 1 1 2 NA
"611" 2 2 1 NA NA 2 2 1 1 1 2 2 2 2 2 2 2 2 1 1 2 2 2 2 2 2 2 2 2 2 2 2 2 1 2 2 2 NA
"612" 1 0 2 2 2 1 2 2 2 2 2 2 2 2 2 1 1 2 2 2 2 2 2 2 2 2 2 2 2 1 1 1 1 2 1 1 2 2
"613" 2 2 1 2 2 2 2 2 2 1 NA 2 2 1 2 2 2 1 2 2 2 NA 2 2 2 2 2 2 2 2 2 2 2 1 2 2 NA 1
"614" 2 2 1 2 2 2 2 2 2 2 2 2 2 2 2 2 2 2 2 2 2 2 0 2 2 1 2 1 2 2 2 1 2 1 2 2 2 2
"615" 2 1 2 2 2 2 2 2 2 2 NA 2 2 2 2 2 2 2 2 2 2 2 2 2 1 2 0 2 2 2 2 2 1 1 1 1 NA 1
"616" 2 2 0 2 2 2 2 2 2 1 2 2 2 2 2 2 2 2 2 2 2 NA NA 2 2 2 1 2 2 1 1 1 1 0 2 2 2 2
"617" 2 2 1 2 2 2 2 2 2 2 2 2 2 2 2 0 1 2 2 2 2 NA 0 2 1 2 2 2 2 2 2 2 2 2 1 1 2 2
"618" 2 2 2 2 2 2 2 1 1 2 2 2 2 2 2 2 2 2 1 1 2 1 2 2 2 2 2 2 2 1 1 1 2 2 1 1 2 2
"619" 2 2 2 2 2 2 2 2 2 2 2 2 2 2 2 2 2 1 2 2 2 2 2 2 2 1 2 2 2 2 2 2 2 2 2 2 1 1
"620" 2 0 2 2 2 2 2 2 2 2 2 2 2 2 2 2 2 2 2 2 2 2 2 2 2 2 2 2 2 0 0 0 2 0 2 2 2 2
"621" 2 1 1 2 2 1 2 2 2 1 2 2 2 2 2 2 2 2 1 1 2 NA 2 2 2 2 1 2 1 2 2 2 2 1 2 2 2 0
"622" 2 1 2 2 2 2 2 2 2 2 2 2 2 2 2 2 2 2 2 2 2 2 2 2 2 2 2 NA 2 1 1 1 2 2 0 0 2 1
"623" 2 2 2 1 1 2 2 1 1 2 2 2 2 2 2 2 1 1 1 2 1 2 1 2 2 2 2 2 2 2 2 2 2 2 0 0 2 0
"624" 2 1 1 2 2 2 1 2 2 1 2 2 2 1 1 2 2 2 2 2 2 2 2 2 2 2 1 NA 1 1 1 1 2 0 2 2 2 2
"625" 2 1 2 2 2 2 2 2 2 2 2 2 2 2 2 0 1 2 1 1 2 2 2 2 2 1 2 2 2 2 2 2 2 2 1 1 2 2
"626" 2 2 2 2 2 2 1 2 2 2 2 2 2 2 2 2 2 2 2 2 2 NA NA 2 2 2 2 2 1 0 0 0 2 1 1 1 2 NA
"627" 2 1 0 2 2 2 2 1 1 1 2 2 2 2 2 2 2 2 2 2 NA 2 2 2 2 2 2 1 2 2 2 2 2 1 1 1 2 NA
"628" 2 2 1 NA NA 2 2 2 2 1 2 2 1 2 2 1 1 2 2 2 2 2 2 2 2 2 1 2 2 2 2 2 0 1 2 2 2 2
"629" 2 2 1 2 2 2 0 2 2 1 NA 2 2 1 1 2 2 2 2 2 2 2 2 2 0 2 2 2 1 1 1 1 2 0 2 2 NA 2
"630" 2 2 1 NA NA 2 2 1 1 1 2 2 2 2 2 2 2 2 1 1 2 2 2 2 2 2 0 2 2 2 2 2 2 1 2 2 2 2
"631" 2 2 1 0 0 2 2 2 2 0 2 2 NA 2 2 2 1 2 2 2 2 NA NA 2 0 2 NA NA 2 2 2 2 0 0 1 1 NA 2
"632" 2 2 1 2 2 2 2 2 2 1 NA 2 2 2 2 2 2 1 2 2 2 2 2 2 2 2 1 2 2 2 2 2 1 1 2 2 1 2
"633" 2 2 2 2 2 2 2 2 2 2 2 2 2 2 2 2 2 2 2 2 2 2 1 2 1 2 2 2 1 1 1 1 1 0 2 2 2 2
"634" NA 2 1 2 2 2 2 1 1 1 2 2 2 2 2 2 2 NA 2 2 1 2 0 2 2 2 2 2 2 2 2 2 2 2 0 0 2 0
"635" 2 1 2 2 2 2 2 2 2 2 2 2 2 2 2 1 1 2 1 1 2 2 NA 2 2 2 2 2 2 2 2 2 2 2 0 0 2 1
"636" 2 1 1 2 2 1 2 2 2 1 2 2 2 1 2 1 1 2 2 2 2 2 2 2 0 2 2 2 2 2 2 2 2 1 2 2 2 NA
"637" 2 2 1 NA NA 2 2 2 2 1 NA 2 1 2 2 2 2 2 1 1 2 2 2 2 1 2 2 2 2 2 2 2 2 1 2 2 2 2
"638" 2 2 2 2 2 2 0 2 2 2 2 1 0 2 2 2 2 2 0 0 2 2 1 2 2 2 NA 2 2 1 1 2 2 2 2 2 2 NA
"639" 2 2 1 2 2 2 1 2 2 1 2 2 2 2 2 2 2 2 2 2 2 NA 2 2 0 2 2 2 2 2 2 2 2 1 2 2 2 NA
"640" 2 2 1 2 2 2 1 2 2 1 2 1 2 2 2 2 2 2 1 1 2 2 2 2 2 2 2 NA 2 1 1 1 2 1 2 2 2 2
"641" 2 NA 2 2 2 2 1 2 2 2 NA 2 2 2 2 1 1 NA 2 2 2 2 NA 2 2 2 NA NA 2 2 2 2 2 2 0 0 NA 2
"642" 2 2 2 2 2 2 2 2 2 2 0 2 1 2 2 0 1 2 1 1 2 2 1 2 2 2 2 2 2 2 2 2 2 2 0 0 2 2
"643" NA 1 2 2 2 1 2 2 2 2 2 2 2 2 2 1 0 2 2 2 2 2 2 1 1 2 2 2 2 0 0 0 1 1 2 2 NA 2
"644" 2 2 1 2 2 2 2 2 2 1 2 2 2 2 2 2 2 0 2 2 2 2 2 2 2 2 2 2 2 2 2 2 2 1 2 2 0 1
"645" 2 1 1 2 2 1 2 2 2 1 2 2 2 2 2 2 2 1 2 2 2 2 2 2 1 2 2 NA 2 2 2 2 2 1 2 2 2 1
"646" 2 2 1 0 0 2 2 1 1 1 2 2 2 2 2 2 2 1 2 2 1 2 2 2 2 2 2 0 2 2 2 2 0 1 1 1 2 0
"647" 2 1 2 2 2 2 1 2 2 1 2 2 2 1 1 2 2 2 2 2 2 2 2 2 1 2 2 2 2 1 1 1 2 1 1 1 2 1
"648" 2 1 2 1 1 2 2 2 2 2 2 2 1 2 2 2 2 0 2 2 2 2 2 2 2 2 2 2 2 2 2 2 1 2 1 1 1 1
"649" 2 2 1 0 0 2 2 1 1 1 2 2 2 2 2 2 2 0 2 2 0 2 2 2 1 2 2 1 2 2 2 2 2 1 1 1 2 1
"650" 2 2 1 2 2 2 2 2 2 2 2 2 2 2 2 2 2 2 2 2 2 NA 2 2 2 2 2 1 1 1 1 1 2 1 2 2 2 2
"651" 2 2 0 2 2 2 2 2 2 2 NA 1 2 2 2 2 2 2 1 1 NA 2 NA 2 2 2 2 0 2 1 1 1 1 2 1 1 2 0
"652" 2 2 2 2 2 2 0 2 2 2 2 2 2 2 2 1 1 2 2 2 2 2 1 2 2 2 2 2 2 2 2 2 2 2 0 0 2 0
"653" 2 1 2 2 2 2 1 2 2 2 1 2 2 2 2 0 0 2 2 2 2 2 NA 2 2 2 2 2 2 2 2 2 2 2 1 1 2 2
"654" 2 2 2 2 2 2 2 2 2 2 1 2 1 2 2 0 0 2 2 2 2 2 1 2 2 2 2 2 2 2 2 2 1 2 0 0 2 1
"655" 2 1 0 2 2 2 2 2 2 2 NA 2 2 2 2 1 1 2 2 2 2 2 2 1 2 2 2 0 2 1 1 1 2 2 2 2 2 2
"656" 2 2 2 NA NA 2 2 2 2 2 2 2 1 2 2 2 2 2 1 1 2 2 2 2 2 2 2 2 2 2 2 2 2 1 2 2 2 2
"657" 2 0 2 2 2 1 2 2 2 2 2 2 2 2 2 1 1 2 2 2 2 2 2 2 1 2 1 2 2 2 2 2 1 1 2 2 2 NA
"658" 2 2 1 NA NA 2 2 2 1 1 NA 2 2 2 2 2 2 2 2 2 2 1 NA 2 2 2 NA NA 2 2 2 2 2 1 2 2 2 2
"659" 2 2 2 2 2 2 2 2 2 2 2 2 2 2 2 2 2 0 2 2 2 2 2 2 2 2 2 2 2 2 2 2 0 2 2 2 NA 0
"660" 2 2 2 0 1 2 2 2 2 2 2 2 2 2 2 2 2 2 2 2 2 2 2 2 2 1 2 NA 2 1 1 1 2 2 1 1 2 2
"661" 2 2 1 1 0 2 2 1 1 1 2 2 2 2 2 2 2 1 2 2 1 NA NA 2 1 2 2 2 2 2 2 2 1 1 1 1 2 0
"662" 2 2 2 1 1 2 0 1 1 2 NA 2 2 2 2 2 2 1 2 2 1 2 0 2 2 2 2 2 2 1 1 1 0 2 0 0 2 1
"663" 2 2 1 2 2 2 2 2 2 1 NA 2 2 2 2 2 2 2 1 1 2 2 NA 2 2 2 2 NA 2 2 2 2 2 1 1 1 2 2
"664" 2 1 1 2 2 1 2 2 2 1 2 2 2 2 2 1 1 2 2 2 2 2 2 2 2 2 2 2 2 2 2 2 2 1 2 2 2 2
"665" 2 2 1 2 2 2 2 2 2 1 2 2 2 2 2 2 2 1 2 2 2 2 NA 2 2 NA 2 2 2 2 2 2 2 2 1 1 1 0
"666" 2 1 2 2 2 2 2 2 2 1 NA 2 2 2 2 2 2 2 1 1 2 2 2 2 2 2 2 2 2 2 2 2 2 2 1 1 2 NA
"667" 2 2 2 2 2 2 2 2 2 2 1 2 2 2 2 1 1 2 2 2 2 2 1 2 1 2 1 2 2 2 2 2 2 1 1 1 2 2
"668" 2 2 1 2 2 2 2 2 2 2 2 2 2 2 2 2 2 2 2 2 2 2 0 2 2 0 2 2 2 2 2 2 2 2 2 2 2 2
"669" 1 2 1 2 2 2 2 2 2 1 2 2 2 2 2 2 2 2 2 2 2 2 2 2 1 2 2 2 2 1 1 2 1 1 1 1 2 2
"670" 2 2 0 NA NA 2 2 2 2 0 2 2 2 2 2 2 2 2 2 2 2 2 2 2 2 2 1 2 2 2 2 1 2 1 1 1 2 0
"671" 1 2 2 2 1 2 2 2 2 1 2 2 2 2 2 2 2 2 2 2 2 2 1 2 1 2 2 1 2 1 1 2 2 1 1 1 2 2
"672" 2 2 1 2 2 2 2 2 2 1 1 2 2 2 2 1 1 2 2 2 2 2 1 2 2 2 2 1 2 2 1 1 1 1 1 1 2 2
"673" 2 2 1 0 0 2 2 2 2 1 2 2 2 2 2 2 2 2 2 2 2 2 2 2 2 2 2 2 2 1 1 1 1 1 1 1 2 1
"674" 2 2 0 2 NA 2 2 2 2 0 2 2 2 2 2 2 2 2 2 2 2 2 2 2 1 2 2 2 2 2 2 2 2 0 2 2 2 2
"675" 2 2 1 2 2 2 2 2 2 1 2 2 2 2 2 2 2 2 2 2 2 2 1 2 2 1 1 2 2 2 2 2 2 1 2 2 2 2
"676" 2 2 1 2 2 2 2 2 2 1 2 2 2 2 2 2 2 2 2 2 2 2 2 2 1 2 1 1 2 2 2 2 1 1 2 2 1 2
"677" 2 1 2 2 2 2 2 2 2 2 2 2 2 2 2 1 1 2 2 2 2 2 1 2 2 0 2 2 2 2 2 2 1 2 2 2 2 2
"678" 2 1 2 2 2 2 2 2 2 2 2 2 2 2 2 2 2 2 2 2 2 NA 1 2 2 1 2 2 2 1 1 1 2 2 1 1 2 2
"679" 2 2 2 2 2 2 2 2 2 1 2 2 2 2 2 1 1 2 2 2 2 2 0 2 2 2 2 2 2 2 2 2 2 2 1 0 2 NA
"680" 2 0 2 2 2 2 2 2 2 1 2 2 2 2 2 2 2 2 2 2 2 2 1 2 2 2 2 1 2 1 1 1 2 1 1 1 2 2
"681" 2 1 1 2 2 2 2 2 2 1 2 2 2 2 2 2 2 2 2 2 2 2 2 2 1 2 NA 2 2 1 1 1 2 1 1 1 2 2
"682" 2 2 1 2 2 2 2 2 2 1 2 2 2 2 2 2 2 2 2 2 2 2 1 2 1 1 2 2 2 2 2 2 2 1 2 2 2 2
"683" 2 1 1 2 2 2 2 2 2 1 2 2 2 2 2 2 2 2 2 2 2 2 2 2 1 2 2 2 2 1 1 1 2 1 1 1 2 2
"684" 2 2 0 NA NA 2 2 2 2 1 2 2 2 2 2 2 2 2 2 2 2 2 2 2 2 2 2 1 2 2 2 2 2 1 2 2 2 2
"685" 2 2 1 2 2 2 2 2 2 1 2 2 2 2 2 2 2 2 2 2 2 2 NA 2 1 1 2 2 1 2 2 2 2 1 2 2 2 NA
"686" 2 2 2 2 2 2 1 2 2 2 2 2 2 2 2 2 2 2 2 2 2 2 1 2 2 1 2 2 2 2 2 2 1 2 1 2 2 2
"687" 2 1 2 2 2 2 1 2 2 2 1 2 2 1 1 1 1 2 2 2 2 2 1 2 2 2 2 2 1 1 1 1 2 1 1 1 2 NA
"688" 2 2 0 NA NA 2 2 2 2 0 2 2 2 2 2 2 2 1 2 2 2 2 0 2 2 2 2 2 2 2 1 2 2 1 1 1 2 1
"689" 2 2 0 NA NA 2 2 2 2 0 2 2 2 2 2 2 2 2 2 2 2 2 2 2 1 2 2 1 2 2 2 2 1 0 2 2 2 2
"690" 2 2 0 NA NA 2 2 2 2 0 2 2 2 2 2 2 2 2 2 2 2 2 1 2 1 2 2 0 2 2 2 2 1 1 2 2 2 2
"691" 2 0 2 2 2 2 1 2 2 2 2 2 2 1 1 2 2 2 1 1 2 2 2 2 2 2 2 2 1 1 1 1 1 1 1 1 2 2
"692" 2 2 1 NA NA 2 2 2 2 1 2 2 2 2 2 2 2 2 2 2 2 2 1 2 2 2 2 2 2 2 2 2 2 1 1 1 2 1
"693" 2 2 1 NA NA 2 2 2 2 1 2 2 2 2 2 2 2 2 2 2 2 2 2 2 1 2 1 2 2 2 2 2 1 0 2 2 2 2
"694" 2 2 1 2 2 2 1 2 2 1 2 2 2 2 2 2 2 2 2 2 2 2 1 2 2 2 2 2 2 1 1 1 1 1 1 1 2 2
"695" 2 2 0 NA 2 2 2 2 2 1 2 2 2 1 2 2 2 2 1 1 2 2 1 2 2 2 1 2 2 2 2 2 1 1 2 2 2 2
"696" 2 1 1 2 2 2 2 2 2 1 2 2 2 2 2 2 2 2 2 2 2 2 2 2 2 2 1 2 2 1 1 1 2 1 1 1 2 2
"697" 2 0 2 2 2 2 2 2 1 2 2 2 2 2 2 2 2 2 2 2 2 2 2 2 2 2 2 2 2 0 0 0 2 2 0 0 2 2
"698" 2 1 1 2 2 2 2 2 2 1 2 2 2 2 2 2 2 2 2 2 2 2 2 2 1 2 2 2 2 1 1 1 2 1 1 1 2 2
"699" 2 2 2 2 2 2 2 2 2 2 2 2 2 2 2 2 2 2 2 2 2 2 1 2 2 1 2 2 2 2 2 2 2 2 2 2 2 2
"700" 2 2 2 2 2 2 2 2 2 2 2 2 2 2 1 2 2 1 2 2 2 2 2 1 2 2 2 2 1 2 2 2 0 2 1 1 1 1
"701" 2 1 1 2 2 2 2 2 2 1 1 2 2 2 2 1 1 1 1 1 2 2 1 2 2 2 2 2 2 2 2 2 2 1 1 1 1 2
"702" 2 2 2 2 2 2 2 2 2 1 2 2 2 2 2 2 2 2 2 2 2 2 0 2 2 1 2 2 2 2 2 2 1 1 2 2 2 2
"703" 2 2 1 2 2 2 2 2 2 1 2 2 2 2 2 2 2 2 2 2 2 2 0 2 1 2 2 2 1 1 1 1 1 0 2 2 2 2
"704" 1 2 1 2 2 2 2 2 2 1 NA 2 2 2 2 2 2 2 2 2 2 2 2 2 1 2 1 2 2 1 1 2 2 1 1 1 2 2

