"SNP1" "SNP2" "SNP3" "SNP4" "SNP5" "SNP6" "SNP7" "SNP8" "SNP9" "SNP10" "SNP11" "SNP12" "SNP13" "SNP14" "SNP15" "SNP16" "SNP17" "SNP18" "SNP19" "SNP20" "SNP21" "SNP22" "SNP23" "SNP24" "SNP25" "SNP26" "SNP27" "SNP28" "SNP29" "SNP30" "SNP31" "SNP32" "SNP33" "SNP34" "SNP35" "SNP36" "SNP37" "SNP38"
"1" 6 7 6 4 8 10 3 7 17 3 0 9 10 12 17 7 10 8 7 11 4 1 3 8 2 5 1 1 8 17 14 9 4 12 9 12 3 1
"2" 11 5 2 15 20 8 7 12 6 8 2 7 9 17 17 7 5 9 12 27 5 1 4 5 4 7 1 2 5 29 25 34 11 8 15 21 2 4
"3" 3 8 5 12 1 7 3 8 22 9 1 9 13 23 18 7 12 14 14 11 1 0 3 5 6 3 2 4 12 23 4 8 8 11 15 11 3 3
"4" 7 10 9 9 14 8 10 20 11 11 2 16 14 32 24 8 13 12 27 16 8 6 2 9 7 14 2 2 9 28 21 8 5 12 23 16 6 6
"5" 4 5 7 7 7 8 4 9 11 16 1 7 5 26 21 10 7 9 22 19 4 3 2 9 3 7 4 2 12 16 26 10 2 8 21 12 3 1
"6" 5 7 4 0 0 5 2 12 15 14 3 12 9 12 6 11 10 1 12 23 0 0 3 5 6 14 2 2 9 12 13 8 8 6 11 13 3 1
"7" 7 6 3 20 14 8 10 12 11 9 2 7 7 17 17 9 11 5 16 15 1 1 4 9 1 9 4 2 9 15 19 6 6 18 11 19 3 3
"8" 3 2 7 20 7 11 5 20 9 2 2 8 7 12 16 4 17 6 16 13 4 2 1 2 4 9 0 1 6 23 21 11 10 12 16 8 4 1
"9" 7 7 9 9 9 6 7 21 14 16 1 17 9 32 18 14 15 9 20 14 3 3 6 5 4 17 2 6 15 18 22 17 8 26 25 8 3 4
"10" 1 7 2 25 18 8 11 17 20 6 4 10 10 20 25 5 9 6 14 10 6 0 3 10 6 15 1 5 14 17 9 11 3 14 14 14 5 2
"11" 2 7 4 15 15 4 2 16 16 8 2 4 4 6 11 12 11 5 7 11 5 1 1 5 4 2 5 0 10 12 9 8 5 8 9 3 2 3
"12" 7 2 5 14 18 10 8 14 12 13 2 6 6 16 10 3 5 2 13 10 1 1 1 8 8 7 2 1 7 18 12 12 8 8 5 6 3 1
"13" 7 0 6 10 10 7 11 11 4 8 1 11 7 13 11 9 8 2 18 9 3 1 3 1 2 5 1 0 8 20 15 7 5 9 17 8 2 1
"14" 5 5 7 14 6 2 5 9 13 7 5 7 7 19 16 12 3 8 8 14 4 1 0 5 3 11 1 5 8 27 16 9 4 5 12 10 4 0
"15" 7 5 7 0 0 8 2 11 14 11 2 13 9 24 17 12 15 14 21 13 2 2 1 13 7 12 0 7 8 29 21 24 6 11 25 12 2 2
"16" 7 5 15 27 21 10 9 15 11 4 6 22 8 38 17 7 7 7 17 15 5 1 1 3 6 17 3 2 9 12 19 11 13 19 12 16 2 4
"17" 3 7 4 15 5 18 8 15 13 7 3 11 8 7 16 7 11 5 9 14 2 4 0 4 2 12 3 5 3 17 15 11 5 8 7 8 1 3
"18" 1 5 10 9 10 2 6 11 12 3 0 9 7 10 9 2 9 2 15 4 1 3 3 3 5 7 2 0 5 19 19 13 2 6 7 10 2 0
"19" 4 6 6 10 11 5 4 17 18 13 2 7 14 18 22 10 7 3 13 24 5 3 0 3 7 11 3 2 1 19 20 14 6 12 15 18 6 1
"20" 2 4 1 6 6 1 6 7 3 5 0 8 7 20 12 8 3 3 11 9 7 2 2 3 3 10 3 1 3 9 14 5 5 1 8 16 0 2
"21" 5 3 5 20 12 8 5 11 12 10 3 7 9 17 27 9 8 10 17 16 2 2 2 5 3 6 2 2 15 21 30 11 3 13 16 12 5 3
"22" 7 4 2 15 14 6 3 7 17 4 2 5 4 17 15 4 13 4 16 10 0 2 1 7 3 7 1 2 9 22 7 8 4 5 8 7 1 2
"23" 9 8 6 20 33 9 9 13 18 18 1 14 14 16 21 14 16 3 16 11 4 1 2 7 4 7 2 5 6 17 17 22 3 9 15 11 1 6
"24" 6 2 1 24 11 9 3 12 11 7 1 7 6 19 16 8 10 2 7 11 4 1 3 7 3 13 3 3 7 24 15 11 4 8 20 7 2 0
"25" 6 9 7 15 18 3 3 11 18 5 0 21 17 20 5 3 11 12 8 14 2 1 2 10 7 2 3 0 6 14 18 12 5 5 7 12 1 3
"26" 9 5 5 11 3 0 1 13 20 4 1 12 5 18 12 6 8 6 13 7 8 0 2 7 7 4 2 3 4 19 20 12 8 12 10 13 1 2
"27" 1 5 4 9 5 8 4 10 12 3 3 11 7 12 8 5 10 6 8 2 3 3 2 7 0 6 2 3 7 11 19 11 5 6 12 16 2 0
"28" 9 7 7 23 10 8 12 12 16 11 2 15 6 18 25 4 10 7 13 18 2 4 0 4 5 13 2 1 18 18 22 10 8 20 15 6 0 2
"29" 3 6 5 22 11 7 5 6 10 7 3 16 7 14 18 2 6 8 17 13 5 3 2 3 11 17 3 3 5 12 11 6 8 7 9 8 2 5
"30" 2 4 10 17 10 4 3 4 11 4 1 13 5 15 16 4 6 4 5 12 4 5 2 4 3 7 5 2 4 10 19 12 2 11 14 8 2 2
"31" 8 5 6 16 6 9 11 17 7 11 5 15 7 20 21 12 13 9 18 17 1 2 1 10 8 8 2 5 18 22 28 11 12 15 21 8 3 5
"32" 3 11 5 6 4 3 6 7 15 14 1 6 15 17 22 9 10 9 14 12 3 1 2 6 1 11 5 4 9 21 18 8 2 5 14 9 1 2
"33" 1 5 2 12 12 1 13 13 7 13 2 12 1 12 21 5 18 9 22 19 5 3 4 4 5 18 0 5 12 18 27 13 10 17 12 20 3 2
"34" 6 6 4 0 0 4 6 9 8 7 2 15 7 9 13 5 4 2 15 12 2 0 2 5 3 7 3 1 9 20 23 8 3 11 19 10 6 2
"35" 10 9 9 25 19 8 8 19 17 4 3 13 7 15 27 2 11 10 17 17 2 3 3 8 4 5 6 9 13 20 13 22 8 13 11 11 4 4
"36" 8 7 7 34 25 7 18 19 13 9 2 18 7 32 26 6 10 5 10 23 3 4 1 16 8 16 2 2 9 26 21 18 16 7 13 16 2 4
"37" 5 12 5 15 27 10 8 14 13 7 3 20 14 17 15 9 13 5 16 16 7 3 1 10 7 16 4 5 11 24 19 11 7 5 15 12 2 2
"38" 1 13 3 19 12 8 6 16 15 7 4 9 20 18 25 5 13 15 10 17 0 4 1 4 5 9 5 5 7 22 12 12 15 15 19 19 4 4
"39" 8 7 9 8 3 5 19 13 9 13 3 11 7 17 21 5 15 4 19 10 2 0 2 6 7 9 4 2 4 23 19 10 7 17 16 10 4 1
"40" 2 4 4 2 2 2 2 5 8 5 3 8 11 9 3 2 3 3 15 7 1 2 2 1 5 5 1 1 6 20 18 5 1 9 7 13 5 4
"41" 2 9 5 11 16 5 8 22 21 13 2 13 10 19 34 7 8 7 24 24 4 0 2 12 2 10 5 2 12 24 22 17 12 9 22 15 1 6
"42" 4 9 9 25 18 12 15 17 16 7 4 21 8 24 17 10 9 8 18 15 2 1 1 8 3 15 8 8 12 27 19 12 1 15 23 15 4 1
"43" 6 2 1 12 26 14 10 8 11 11 1 6 10 17 19 13 13 5 16 14 4 4 1 4 3 6 0 6 9 29 17 11 4 14 21 13 4 2
"44" 6 9 2 7 8 5 3 13 12 5 1 4 4 24 20 6 9 5 15 12 4 0 0 5 1 10 3 3 5 5 25 10 6 4 17 8 1 4
"45" 8 6 3 13 8 6 10 19 9 3 2 6 17 14 18 7 8 6 10 11 3 0 0 4 3 9 0 0 7 18 20 2 7 12 18 9 3 2
"46" 4 5 3 9 15 13 11 11 9 7 3 10 6 14 12 5 10 8 12 22 2 2 4 5 9 5 1 5 4 25 23 20 4 10 13 24 1 3
"47" 10 4 5 9 8 4 9 14 12 8 1 8 13 13 19 1 10 5 26 11 1 2 0 8 6 9 6 3 11 17 28 12 7 14 11 15 5 2
"48" 6 10 4 7 13 5 5 13 18 5 1 4 7 12 25 5 9 3 11 9 3 1 0 8 4 7 3 3 11 21 9 10 5 12 10 20 3 1
"49" 2 2 2 11 8 5 12 15 10 9 7 8 9 25 16 3 6 10 12 10 3 2 0 8 4 7 1 0 9 17 28 12 7 16 19 14 3 2
"50" 7 5 5 25 14 13 11 15 24 9 3 21 11 20 19 11 13 2 21 21 4 3 2 7 11 12 2 1 10 21 18 12 1 20 10 17 3 2
"51" 4 7 2 3 2 1 4 8 16 4 1 3 7 8 2 0 9 3 13 11 2 2 0 1 4 1 1 3 7 13 14 13 4 5 14 8 2 0
"52" 7 1 5 0 0 13 6 11 17 13 3 13 13 17 18 6 4 6 10 17 6 2 1 9 5 6 2 4 15 19 16 11 3 20 12 10 6 1
"53" 6 10 10 11 12 12 18 20 17 16 2 19 10 18 17 19 8 10 15 19 7 1 3 3 3 10 0 8 15 34 26 9 9 17 21 15 7 3
"54" 8 7 5 0 0 4 11 17 11 5 1 9 10 14 17 4 7 15 15 8 6 3 3 7 6 12 3 0 6 17 18 11 5 18 17 13 3 4
"55" 3 5 9 3 3 7 2 5 11 5 3 2 2 10 17 5 9 2 3 13 3 0 1 9 2 10 3 6 8 19 11 13 9 4 5 10 2 2
"56" 2 9 6 0 0 9 9 17 13 9 2 5 9 17 22 5 9 6 18 8 3 2 1 13 1 6 0 3 8 13 13 11 2 9 12 8 3 3
"57" 4 6 9 11 7 5 6 18 10 6 5 11 10 23 27 12 10 4 24 14 0 1 2 14 9 6 3 1 8 19 16 16 11 6 13 24 1 3
"58" 9 6 7 0 0 4 11 29 25 14 2 11 16 25 18 9 14 7 22 19 3 2 3 9 11 9 1 5 7 22 17 17 3 15 12 11 5 4
"59" 7 6 8 4 7 13 8 15 9 12 2 13 18 13 33 4 14 8 17 12 3 3 1 5 6 7 3 6 9 18 15 11 5 10 12 13 2 1
"60" 6 10 11 17 11 4 2 16 9 13 2 5 13 16 19 9 6 7 18 16 4 2 3 5 4 10 4 4 10 17 40 16 6 13 22 9 2 4
"61" 7 3 10 10 15 2 3 20 7 7 2 12 9 28 20 9 11 4 9 11 8 2 1 7 8 6 6 3 9 20 17 8 9 9 9 17 3 6
"62" 4 12 9 6 10 10 6 10 11 16 2 11 14 18 18 8 8 12 8 16 2 0 8 2 5 15 3 3 8 23 13 11 12 14 17 6 7 5
"63" 1 3 2 7 17 10 7 10 8 4 6 9 7 20 15 2 6 7 18 8 2 3 0 5 3 2 4 3 8 16 9 14 3 7 18 12 3 0
"64" 5 2 1 6 2 6 3 10 9 7 1 10 7 14 12 7 4 0 14 9 2 2 0 4 3 6 3 2 2 9 13 7 1 6 12 7 3 2
"65" 3 4 3 3 5 12 5 10 15 10 2 10 6 11 9 5 13 3 6 12 1 1 2 7 5 8 0 4 8 21 14 9 4 8 8 6 2 2
"66" 6 5 5 8 5 6 1 17 5 4 1 3 5 5 11 6 9 2 10 8 2 0 1 2 2 5 1 1 3 20 11 6 3 4 9 16 1 2
"67" 5 3 10 24 18 15 6 17 16 12 1 3 8 27 17 11 7 5 16 12 7 1 4 2 4 11 4 2 3 21 14 10 7 5 13 23 1 1
"68" 12 2 3 0 0 4 3 15 14 0 1 10 5 22 17 0 12 9 13 14 3 3 1 5 4 11 6 1 3 14 13 12 5 14 19 8 4 2
"69" 1 6 0 8 4 5 1 10 18 8 6 9 7 9 15 7 12 4 8 11 0 1 2 4 4 2 2 4 11 22 13 10 1 12 17 5 2 0
"70" 4 5 10 5 16 8 11 6 16 8 1 15 9 33 25 12 10 7 7 27 5 3 3 5 4 12 2 1 12 16 29 10 7 9 10 14 1 2
"71" 10 6 6 12 8 5 8 7 11 10 2 16 7 25 10 9 13 6 8 13 1 1 2 7 2 13 3 0 7 24 14 10 9 12 4 21 2 1
"72" 5 3 2 0 0 9 5 11 15 5 1 7 3 11 18 0 5 6 7 7 4 1 0 5 3 6 1 1 4 7 9 6 10 9 8 7 2 4
"73" 5 6 5 20 21 8 4 14 9 14 4 7 6 17 33 10 14 8 26 14 2 1 4 3 5 8 3 2 7 28 15 11 10 14 15 7 3 2
"74" 6 5 4 15 11 10 8 22 22 10 4 18 19 25 17 8 19 15 27 19 3 2 1 12 5 10 3 3 4 27 20 14 7 13 14 11 3 4
"75" 6 2 6 8 10 10 9 15 14 9 1 6 7 21 29 7 11 2 13 22 2 1 1 2 4 7 2 0 8 32 14 4 6 9 6 21 5 6
"76" 3 5 3 3 4 16 3 14 4 7 0 8 7 13 11 10 6 4 10 10 0 1 0 3 1 7 1 4 8 22 12 10 5 14 8 6 2 1
"77" 8 6 6 0 0 3 13 10 13 15 4 15 14 15 16 8 10 7 22 14 5 3 0 4 4 8 2 2 5 17 23 16 6 18 17 6 6 2
"78" 4 6 2 9 4 10 4 16 11 2 2 22 6 16 19 9 2 6 14 12 5 2 5 9 2 5 1 5 5 15 8 11 8 7 14 10 4 1
"79" 10 8 6 24 31 13 14 20 21 15 1 18 10 19 37 10 11 8 18 23 4 3 4 5 2 21 5 4 11 26 23 19 5 9 16 13 2 3
"80" 4 7 4 14 11 0 5 15 17 12 5 12 7 24 11 8 9 4 16 18 4 1 2 5 6 4 2 0 10 38 20 15 7 13 19 27 2 3
"81" 2 16 11 13 30 8 13 18 16 9 5 12 5 21 21 11 13 11 22 16 5 3 4 5 10 16 5 3 13 26 30 9 13 20 16 19 3 1
"82" 4 5 1 5 21 5 3 12 7 8 2 5 7 14 15 5 10 5 6 8 3 0 2 5 0 6 7 2 14 6 14 9 5 6 7 8 3 2
"83" 1 10 7 14 10 10 8 9 23 10 3 8 11 7 5 2 16 5 22 11 3 1 2 11 5 8 4 1 7 10 16 16 11 13 19 12 4 1
"84" 5 3 3 24 13 9 5 13 4 12 1 15 12 9 11 4 4 5 13 15 2 0 3 2 2 10 4 4 5 15 18 9 3 3 3 12 4 3
"85" 7 5 6 0 0 12 8 7 15 9 0 9 13 28 18 9 6 4 23 19 3 3 4 15 6 3 4 4 7 22 19 17 9 22 8 9 4 2
"86" 5 8 13 9 4 4 10 11 13 14 3 17 7 20 15 7 4 5 18 16 3 0 2 7 3 7 1 1 11 22 29 9 6 16 12 11 4 0
"87" 7 8 8 13 7 11 7 12 19 5 4 6 22 17 18 8 15 10 22 26 2 4 0 7 12 9 2 4 19 23 18 12 10 10 17 13 2 3
"88" 3 7 5 10 9 3 1 10 14 9 2 10 5 18 19 4 9 3 8 5 2 2 2 3 3 6 4 4 5 11 20 7 10 5 11 13 3 1
"89" 1 7 2 17 17 3 8 18 8 8 1 9 10 15 17 6 8 4 13 22 3 1 1 6 4 18 3 2 6 25 18 12 1 7 8 11 2 1
"90" 3 4 4 20 17 3 6 17 22 8 0 9 3 12 17 6 15 8 11 18 0 3 0 8 10 9 2 1 4 19 9 10 7 11 17 8 3 1
"91" 8 4 7 13 11 9 10 17 11 4 3 10 10 14 12 8 11 3 17 16 10 2 0 7 4 15 4 2 11 17 36 6 10 10 12 16 3 0
"92" 8 5 5 5 9 7 10 22 18 14 3 5 13 28 21 13 9 15 29 26 8 4 1 5 1 15 4 5 9 30 24 13 4 22 14 12 4 3
"93" 12 8 1 6 5 6 4 20 10 3 1 15 14 10 21 4 7 7 13 16 3 3 1 8 5 7 3 6 12 22 24 2 1 8 12 25 3 1
"94" 3 9 5 13 11 5 8 13 8 7 1 2 10 14 16 3 10 13 15 9 6 0 1 4 3 7 5 1 9 18 19 10 6 13 17 10 4 2
"95" 2 6 8 12 14 6 10 21 10 11 1 4 8 18 16 3 7 8 11 10 3 1 1 5 4 9 2 3 8 20 11 10 3 16 17 5 3 3
"96" 2 3 6 5 4 7 5 19 6 4 3 7 7 12 7 4 10 3 8 12 3 1 0 4 0 4 1 2 10 16 11 10 2 8 7 4 1 5
"97" 4 3 4 8 5 4 10 5 10 5 2 10 2 16 19 9 10 3 12 13 5 1 2 7 1 6 2 1 7 5 13 8 6 2 14 6 3 3
"98" 4 4 4 6 8 7 1 8 12 9 2 17 11 22 12 9 13 7 9 7 3 0 1 4 3 5 2 1 6 23 27 10 3 12 13 14 2 1
"99" 3 4 4 11 8 5 15 10 20 12 5 10 11 12 17 9 8 9 17 17 7 5 0 2 3 8 4 5 8 16 14 15 10 20 13 13 2 3
"100" 6 3 3 0 0 7 11 18 14 15 3 14 6 10 19 5 10 4 12 12 8 1 1 8 3 9 3 1 11 17 14 10 5 9 17 15 5 5
"101" 2 5 3 4 10 4 2 5 8 3 3 7 12 15 4 4 6 1 9 6 1 1 0 2 2 3 3 1 3 10 13 3 4 10 8 13 0 5
"102" 4 6 5 2 6 4 2 9 16 11 4 11 1 18 7 4 6 2 13 12 1 1 0 7 6 6 0 1 6 10 9 9 7 18 8 6 2 3
"103" 11 9 6 11 11 7 9 7 22 15 1 9 5 24 25 8 19 6 27 23 3 1 2 6 6 15 4 9 11 31 28 12 9 21 15 17 5 2
"104" 5 16 5 27 18 11 10 25 17 8 0 19 12 28 14 8 17 1 12 24 4 4 5 15 2 8 1 5 13 24 28 11 6 11 26 23 1 4
"105" 7 1 8 16 5 10 6 10 17 7 6 8 11 14 24 6 19 10 15 15 8 2 3 11 5 9 7 2 10 21 19 16 4 9 6 13 4 1
"106" 5 6 4 5 7 5 1 10 18 3 0 5 11 19 18 7 3 6 10 11 4 3 2 10 1 7 3 5 9 29 13 12 6 11 14 12 8 3
"107" 6 4 3 8 13 4 9 8 11 7 1 12 3 15 15 11 6 4 8 13 2 1 1 6 3 16 3 1 7 18 16 6 5 12 9 11 4 1
"108" 7 2 3 8 1 2 3 14 6 4 4 6 10 9 12 9 3 2 7 12 8 2 1 2 1 5 3 1 4 12 18 7 7 5 13 7 3 2
"109" 5 5 5 12 8 5 7 6 15 6 5 10 10 26 11 3 7 7 29 18 6 0 3 6 7 13 1 4 13 26 28 7 3 6 16 8 6 2
"110" 2 7 3 4 3 0 1 9 9 1 1 4 5 9 22 6 10 5 13 19 1 0 4 5 2 4 3 3 4 9 10 13 7 4 16 7 0 1
"111" 6 4 7 15 8 3 4 10 10 8 3 7 14 13 15 8 4 4 11 18 3 3 1 5 1 7 0 1 7 17 14 5 5 9 9 16 4 3
"112" 5 4 3 0 5 2 1 10 18 4 2 6 9 20 12 7 3 5 0 5 8 3 0 6 3 11 2 2 5 7 12 9 8 1 8 16 0 6
"113" 4 1 10 27 19 19 12 14 17 9 4 10 9 26 27 4 11 6 16 10 3 2 3 7 8 7 1 5 6 16 20 12 6 9 7 14 0 5
"114" 8 9 9 0 0 15 13 13 14 7 5 16 7 19 35 9 11 11 11 15 8 1 2 7 5 9 1 3 8 27 36 6 15 16 9 12 5 5
"115" 2 3 1 5 8 2 9 9 11 3 0 9 1 10 2 4 10 3 4 13 2 3 1 3 1 6 2 3 6 5 11 7 4 3 9 10 0 0
"116" 6 3 4 11 6 2 1 12 18 4 1 11 3 9 31 6 14 6 7 8 1 1 2 9 3 7 2 6 16 23 14 14 7 5 15 7 2 2
"117" 2 3 8 9 12 9 9 16 6 10 1 16 8 21 8 3 7 9 14 8 4 1 1 3 3 8 2 3 16 30 15 10 6 9 8 6 4 3
"118" 7 8 8 27 20 9 12 14 14 11 1 9 12 23 37 5 22 14 11 17 5 4 2 13 8 12 2 2 13 20 17 20 4 16 17 15 2 0
"119" 6 5 6 7 6 5 6 16 13 8 3 20 11 8 9 5 14 8 8 16 2 3 2 8 8 13 1 6 4 18 20 2 1 13 13 14 4 1
"120" 4 6 4 8 13 5 5 13 13 10 7 10 14 19 9 10 13 3 20 11 3 1 3 5 3 9 2 9 8 19 19 9 4 15 12 11 2 0
"121" 6 6 5 8 12 21 20 11 12 9 7 9 13 20 17 9 7 5 23 14 4 2 5 7 5 16 6 2 12 19 34 10 8 17 21 17 4 1
"122" 10 4 2 6 11 2 3 9 3 2 3 8 13 16 21 3 6 2 16 12 4 4 0 16 2 7 0 3 9 19 25 10 5 8 12 19 5 2
"123" 4 5 2 22 10 11 4 11 21 9 2 5 3 19 24 4 14 7 12 13 4 3 1 3 5 4 0 3 8 15 9 11 6 8 12 7 3 4
"124" 3 5 3 5 4 4 4 11 11 10 6 8 10 26 17 5 9 2 18 12 2 2 2 4 7 10 5 2 7 17 13 6 6 4 11 15 6 2
"125" 9 3 4 7 11 1 17 16 13 8 1 14 9 17 33 9 8 4 19 12 2 1 0 7 4 7 5 4 7 27 18 7 10 4 24 15 2 2
"126" 5 3 6 10 9 6 1 10 15 5 2 6 21 19 11 9 11 11 13 17 4 1 0 4 8 6 5 1 4 27 17 11 11 18 14 12 1 1
"127" 4 6 3 0 0 3 8 9 8 11 2 5 7 26 8 8 5 5 14 23 4 0 0 7 3 5 1 2 14 20 19 2 6 2 5 5 2 0
"128" 11 8 5 13 14 19 11 23 22 6 3 15 7 28 27 9 18 10 11 27 2 2 2 9 4 15 5 2 16 42 19 10 13 4 19 14 2 1
"129" 5 6 8 18 23 15 11 9 18 17 3 7 3 8 12 10 7 7 20 14 3 1 0 8 2 11 2 3 9 23 30 12 11 7 15 14 1 1
"130" 9 10 4 7 6 6 5 17 8 12 5 9 8 15 16 8 9 7 14 10 4 3 1 8 7 6 3 4 7 32 9 7 4 7 15 6 6 4
"131" 8 6 4 20 9 7 6 7 7 10 2 7 2 11 20 5 5 6 12 11 1 0 2 5 5 10 2 1 12 24 15 9 8 12 12 22 1 3
"132" 5 1 6 6 6 4 2 3 7 3 2 12 6 18 7 5 2 5 10 7 1 2 1 9 7 9 2 5 4 3 14 8 5 10 5 5 3 2
"133" 6 12 6 12 22 9 12 23 25 5 3 10 19 36 41 10 17 8 16 21 3 1 5 11 9 20 7 6 8 21 24 15 12 13 22 7 3 6
"134" 14 10 6 23 15 11 8 23 15 11 2 16 12 18 25 12 13 7 20 20 4 3 3 10 7 9 5 2 18 32 22 16 11 11 10 22 2 1
"135" 2 6 11 24 26 8 9 4 22 5 2 7 4 25 12 4 11 5 13 8 3 0 1 4 3 14 0 0 11 19 24 13 7 14 4 10 2 2
"136" 3 5 7 19 35 21 9 17 20 20 5 16 14 20 20 12 11 13 12 13 5 6 4 12 7 9 2 2 8 22 31 11 12 21 23 16 8 3
"137" 2 2 5 18 6 2 1 16 10 7 0 8 3 11 16 4 4 2 17 10 4 2 3 4 1 6 2 3 6 13 11 7 3 8 16 14 0 1
"138" 4 3 5 15 8 13 6 12 14 7 3 6 9 10 13 9 11 2 14 15 1 1 1 7 1 7 4 1 7 18 19 11 4 13 15 13 5 5
"139" 0 6 1 8 7 3 3 13 4 3 4 4 5 15 4 7 10 4 16 6 3 2 3 2 3 9 3 1 8 7 16 11 7 9 13 12 0 1
"140" 8 12 1 27 19 10 8 10 12 4 1 2 8 16 25 7 11 1 10 8 3 4 0 5 1 7 4 3 10 19 25 6 5 8 13 28 2 0
"141" 8 6 9 8 8 4 3 19 12 2 3 8 13 16 24 3 10 4 18 17 1 2 2 9 7 14 8 2 11 14 5 2 6 11 15 16 4 2
"142" 9 4 2 7 7 7 3 8 8 4 0 6 8 5 8 1 9 4 6 7 1 0 3 8 4 6 1 0 11 11 14 5 6 8 13 11 2 3
"143" 4 6 4 1 6 2 1 13 20 8 1 11 12 20 11 8 13 5 13 12 3 5 4 12 5 11 2 6 15 14 21 8 16 9 21 16 3 2
"144" 9 5 4 12 9 3 8 19 14 7 5 10 5 18 13 7 14 6 17 12 8 2 5 5 3 11 2 4 13 18 25 6 13 14 6 9 1 0
"145" 7 4 9 30 19 4 11 10 9 12 1 14 9 25 21 5 9 3 13 9 5 2 1 5 8 13 5 2 3 22 25 12 7 6 17 12 2 1
"146" 4 1 7 0 0 2 7 14 12 6 3 9 5 15 13 14 10 2 9 15 5 1 0 3 7 6 1 1 3 14 27 7 6 19 18 7 2 0
"147" 9 14 13 1 0 5 6 7 14 4 1 17 3 21 15 3 9 4 12 18 2 4 0 6 4 20 2 3 9 12 13 9 3 6 6 15 4 3
"148" 2 6 3 6 8 1 2 12 12 3 1 4 7 10 20 4 8 7 11 10 1 1 1 5 0 3 4 1 9 8 19 15 7 8 14 8 2 2
"149" 4 5 8 0 0 9 10 13 16 13 2 7 9 7 5 3 13 9 18 17 1 4 0 4 4 19 2 0 9 15 19 15 5 10 10 13 4 4
"150" 10 3 4 0 0 11 22 18 12 18 0 7 16 28 22 9 16 3 13 12 3 2 2 5 9 8 5 5 10 17 32 14 3 10 20 7 3 2
"151" 5 7 7 8 1 13 8 18 20 22 5 16 18 14 36 15 22 4 26 21 1 4 1 7 5 15 3 9 29 38 44 23 11 9 19 19 2 3
"152" 7 9 8 33 17 7 4 13 25 14 1 7 13 22 21 6 4 7 11 15 4 1 2 6 6 8 0 3 10 17 16 8 1 21 12 15 6 1
"153" 5 2 0 9 3 3 5 8 5 5 2 11 5 16 15 4 3 4 11 6 1 6 1 5 6 5 3 2 5 12 13 9 3 1 9 13 1 1
"154" 3 3 9 3 10 5 8 16 12 10 0 8 4 27 17 5 7 1 12 11 2 0 0 3 2 1 5 1 7 10 24 4 3 17 8 19 3 3
"155" 3 7 4 17 18 7 17 19 18 4 5 15 16 25 26 1 13 10 22 16 10 2 0 8 2 13 3 2 8 23 13 20 7 7 18 18 4 5
"156" 9 4 5 6 4 10 5 9 9 1 2 10 11 11 20 5 9 8 8 18 1 0 2 11 2 5 0 2 5 21 21 6 8 10 18 6 1 2
"157" 4 3 5 19 16 8 9 19 20 13 0 17 5 29 14 5 16 9 23 17 1 2 1 4 2 17 3 4 11 18 16 17 7 10 23 20 2 2
"158" 5 8 9 0 0 8 10 11 32 6 1 13 18 20 27 4 10 9 19 16 1 3 2 12 10 12 8 3 13 18 25 20 9 7 14 17 1 3
"159" 13 8 13 7 10 12 13 19 29 14 3 21 7 22 22 20 9 3 20 29 7 3 0 14 5 11 3 3 8 30 30 5 7 16 21 9 7 6
"160" 7 7 8 11 8 6 7 11 11 16 0 10 8 16 19 9 8 8 8 14 4 3 3 3 4 16 3 2 11 21 15 13 8 13 24 10 5 7
"161" 2 4 2 7 14 2 4 6 6 4 0 8 6 20 13 7 10 5 9 11 3 2 1 3 1 8 4 1 10 8 16 8 4 7 8 8 3 0
"162" 7 3 5 0 0 8 5 9 11 7 1 17 7 18 25 7 9 3 22 13 1 2 1 6 6 10 7 2 11 26 22 6 6 16 14 10 5 4
"163" 2 8 6 9 17 9 14 5 13 7 3 16 11 14 14 12 11 5 14 11 2 3 3 10 6 7 3 0 11 16 26 16 5 8 5 13 6 4
"164" 4 5 7 11 12 11 16 10 15 5 1 14 9 13 12 6 11 8 9 20 4 0 4 10 3 15 6 3 9 22 28 20 4 12 8 4 3 1
"165" 6 4 5 16 9 8 8 16 16 13 4 13 9 22 22 4 14 4 22 22 7 5 1 10 5 10 3 3 9 15 25 12 8 13 15 8 7 4
"166" 4 7 2 18 22 8 4 12 11 10 7 12 12 20 18 9 11 8 18 20 5 4 2 9 2 2 4 4 11 29 30 9 8 14 11 10 6 1
"167" 7 6 7 0 0 3 5 18 21 3 3 5 9 38 31 3 8 5 14 17 6 2 1 7 7 1 7 4 18 21 20 15 4 12 19 15 5 3
"168" 5 5 1 0 0 8 4 4 5 8 5 10 3 9 15 3 4 1 10 4 0 1 3 5 4 7 5 1 6 11 15 12 6 12 12 5 3 0
"169" 4 7 5 14 17 12 8 17 18 14 1 14 13 27 21 13 11 2 15 10 3 0 2 5 4 9 2 6 11 20 32 16 3 18 15 12 3 1
"170" 7 2 2 19 12 12 5 8 11 12 2 8 10 9 10 3 4 5 11 9 2 0 2 10 7 3 0 2 9 14 17 8 7 11 9 10 1 5
"171" 5 5 9 11 20 4 3 8 14 5 1 8 8 16 10 13 10 0 16 18 3 3 6 8 9 1 2 4 11 29 12 9 4 7 7 17 1 2
"172" 2 6 6 11 23 7 4 12 11 10 0 9 7 18 13 10 7 5 11 14 2 4 6 7 3 8 5 6 6 12 20 8 4 22 15 12 5 2
"173" 3 4 3 18 5 8 2 20 9 14 3 6 7 21 18 9 6 4 19 7 5 0 1 5 7 8 3 1 7 28 26 14 5 8 10 11 2 3
"174" 1 4 4 7 9 11 10 19 8 7 2 14 11 23 15 2 4 10 14 16 2 1 1 20 5 15 3 3 9 22 29 6 5 10 19 14 6 3
"175" 5 6 4 0 0 10 5 10 11 11 1 10 12 14 8 9 8 2 18 8 0 0 1 10 3 7 2 2 10 22 14 7 3 10 7 11 2 4
"176" 8 6 3 25 20 11 19 5 13 8 4 18 8 24 21 11 10 12 1 18 5 0 6 12 3 11 6 3 26 26 22 10 4 14 14 15 6 5
"177" 8 2 6 14 9 5 1 11 15 13 1 8 6 22 19 6 11 4 13 17 3 3 1 3 3 7 0 1 6 18 22 6 4 11 17 11 1 2
"178" 3 8 6 6 11 11 5 17 14 10 6 7 6 17 22 4 6 6 14 14 3 4 2 7 3 18 1 4 6 20 24 19 7 17 7 13 3 3
"179" 1 7 6 7 3 5 5 14 7 6 1 7 5 17 13 5 7 1 17 17 5 1 0 3 4 9 5 3 3 15 22 24 6 11 12 10 1 1
"180" 5 8 3 17 25 8 15 23 13 14 1 10 9 27 32 7 9 7 21 21 6 4 0 6 9 8 5 1 12 19 15 17 7 9 7 14 8 4
"181" 5 6 3 12 10 6 14 16 10 7 0 12 9 30 27 11 7 2 17 13 4 1 2 10 9 12 4 3 15 23 19 8 7 18 11 14 2 0
"182" 5 3 7 5 7 5 3 17 12 8 3 5 3 6 9 4 11 5 17 8 1 2 1 5 3 3 2 2 5 25 10 7 8 11 8 8 0 1
"183" 9 5 4 11 6 3 5 12 16 10 1 7 10 12 19 11 10 6 15 17 3 2 3 5 4 13 4 2 11 21 25 12 7 15 8 8 5 0
"184" 7 3 5 5 2 4 2 8 8 5 2 8 10 24 19 9 7 9 12 20 1 0 3 3 3 5 3 4 12 12 31 10 8 8 6 10 0 3
"185" 11 4 7 13 6 5 5 9 15 8 3 7 19 16 21 8 8 11 20 5 3 3 3 3 6 17 3 5 11 18 19 10 8 17 10 19 5 3
"186" 2 3 4 1 10 3 4 6 7 7 5 5 12 8 17 3 11 1 12 10 4 4 0 3 13 1 0 3 5 14 17 8 9 7 7 10 3 1
"187" 1 2 5 2 4 1 1 12 10 1 1 5 7 19 10 6 10 2 9 13 5 1 1 8 4 2 0 2 7 7 11 11 6 10 11 12 1 2
"188" 3 3 1 0 0 6 6 6 11 2 2 5 4 9 16 5 7 7 5 4 5 2 3 4 2 7 2 0 10 14 11 11 4 14 5 5 3 1
"189" 2 3 1 12 9 3 4 4 10 3 0 6 6 8 13 2 10 4 1 6 3 0 0 6 1 6 6 1 4 1 16 6 3 3 4 7 1 3
"190" 2 5 10 26 18 9 6 11 15 9 3 12 18 21 16 7 15 13 15 31 1 2 5 6 3 8 5 2 17 24 8 17 8 13 17 5 8 6
"191" 4 7 5 0 0 13 6 15 11 10 0 9 8 3 18 8 13 5 9 16 5 2 0 4 11 14 3 4 6 12 24 7 4 7 9 13 1 0
"192" 12 8 13 18 15 13 20 16 13 14 2 30 26 31 20 8 15 8 25 37 3 3 7 12 7 13 1 8 16 41 34 11 6 8 24 17 2 1
"193" 4 5 6 23 21 6 10 17 16 11 2 3 10 18 24 12 8 7 9 20 5 3 2 5 1 9 2 2 4 24 14 12 2 7 12 17 1 2
"194" 5 5 3 34 15 4 3 19 16 10 1 14 7 13 25 8 14 6 12 11 5 1 2 6 2 12 1 3 5 15 17 11 6 12 12 14 4 4
"195" 4 3 7 0 0 4 2 17 8 10 0 10 15 14 20 12 7 5 15 27 1 2 0 3 2 6 4 2 7 18 16 9 11 11 22 13 3 3
"196" 5 5 4 3 3 15 8 20 21 15 1 7 11 20 27 7 9 10 9 20 4 10 2 10 4 12 4 1 8 15 13 14 6 5 16 14 3 1
"197" 5 3 1 22 9 12 3 17 14 9 3 10 9 22 21 8 8 9 25 13 6 3 1 4 8 10 6 4 15 27 21 7 3 6 10 22 4 3
"198" 10 8 3 12 11 14 7 17 15 20 2 14 16 20 21 4 12 8 17 16 3 3 3 5 3 22 5 1 13 27 21 17 8 7 14 15 3 2
"199" 4 7 7 18 22 5 6 17 18 9 0 14 6 17 20 7 19 8 17 8 4 2 3 10 5 12 4 1 14 27 37 17 10 10 12 12 0 3
"200" 0 4 1 2 6 3 4 16 8 7 0 3 6 8 15 4 7 4 8 8 4 5 1 3 4 10 1 1 4 12 13 4 12 3 12 8 1 1
"201" 6 6 6 24 8 12 10 18 15 9 4 10 3 21 24 7 12 9 20 33 8 3 0 8 4 8 2 1 10 26 12 18 9 10 18 10 3 1
"202" 4 7 8 15 19 7 3 15 14 9 1 11 16 14 28 10 19 8 11 9 5 0 4 4 0 10 3 2 11 28 9 9 3 16 15 2 3 2
"203" 6 1 11 28 19 2 8 18 17 9 2 6 6 29 25 8 9 5 12 13 5 3 1 6 3 13 1 5 7 24 23 19 13 14 9 7 5 1
"204" 13 8 11 0 0 13 8 13 20 11 2 17 9 19 23 13 7 11 18 17 10 3 2 10 6 13 4 5 10 18 19 10 9 12 16 13 2 0
"205" 7 10 8 18 11 4 4 25 22 6 2 10 9 18 17 5 16 2 16 17 5 6 2 5 6 9 4 1 6 18 16 17 5 5 23 10 2 1
"206" 5 6 3 6 12 6 8 15 12 11 5 8 12 18 24 10 5 5 12 17 0 2 0 7 4 15 1 4 7 16 30 10 5 12 15 4 3 4
"207" 4 7 4 4 3 9 3 11 21 6 1 6 14 6 10 6 12 3 6 10 5 0 0 7 1 13 2 3 4 24 8 3 5 10 10 7 1 0
"208" 9 6 5 16 12 3 7 4 9 13 3 6 11 15 26 11 11 5 14 13 4 3 2 7 6 13 4 0 8 18 22 15 17 23 19 9 6 2
"209" 1 11 1 11 10 2 7 11 14 7 1 7 9 16 19 8 7 4 17 13 2 1 1 6 6 4 2 3 7 13 13 8 2 6 17 11 0 0
"210" 7 13 3 17 13 5 5 17 9 3 4 24 8 19 12 11 20 12 22 25 4 4 2 7 9 9 2 2 5 39 31 13 7 15 13 15 3 4
"211" 10 5 4 11 18 8 3 14 17 4 1 2 10 7 18 13 15 7 13 4 4 1 4 15 1 5 2 1 7 14 20 11 10 5 18 15 2 1
"212" 2 8 4 17 9 8 9 20 25 11 1 10 12 36 24 5 8 6 18 17 4 2 1 8 3 14 3 2 10 38 25 10 9 16 20 10 2 3
"213" 4 1 2 8 7 6 2 9 8 3 2 4 12 10 14 2 9 3 11 11 0 1 0 1 1 8 3 2 7 17 13 5 6 5 10 8 1 3
"214" 2 8 3 18 13 8 9 11 16 7 0 10 9 14 18 2 9 8 6 8 3 2 0 5 0 5 1 8 8 15 25 14 14 7 17 12 6 0
"215" 6 5 5 3 5 3 4 12 17 7 0 3 11 9 27 1 15 7 14 6 1 4 3 2 2 9 1 1 16 18 10 4 6 12 12 11 1 0
"216" 4 1 7 9 12 2 4 15 14 6 3 10 5 19 28 8 13 8 10 6 5 2 1 8 2 5 4 8 16 26 22 13 7 11 6 11 3 0
"217" 6 7 5 7 8 4 5 13 19 9 1 14 13 26 22 8 15 3 13 17 3 0 1 4 0 5 1 4 7 14 17 12 4 9 9 10 1 0
"218" 6 8 9 8 18 7 4 6 10 4 1 13 15 23 14 4 12 7 10 10 3 2 2 9 6 8 2 9 6 22 35 7 6 4 8 17 1 4
"219" 6 5 6 5 8 3 4 10 22 7 3 13 11 11 15 3 20 3 18 17 4 3 3 11 3 7 3 6 9 24 22 17 14 15 6 12 3 1
"220" 7 4 2 12 3 4 3 10 9 8 1 6 8 20 27 7 13 9 16 8 1 0 0 4 2 8 4 2 7 17 14 18 5 8 17 11 1 3
"221" 4 1 8 8 23 6 4 9 12 2 3 3 5 13 16 7 3 4 8 9 3 0 1 1 2 5 4 1 10 15 13 14 7 9 5 20 0 1
"222" 5 6 10 13 12 11 6 18 9 5 2 14 8 15 26 7 19 6 8 16 7 1 3 12 4 17 3 2 8 20 24 19 9 14 15 16 3 4
"223" 1 3 7 12 18 14 2 7 15 12 1 5 13 14 13 11 11 5 10 10 6 1 1 10 6 12 5 0 9 21 20 24 7 13 14 16 4 1
"224" 7 3 1 2 5 5 1 6 7 5 1 3 5 11 11 3 9 4 7 1 2 0 0 4 2 8 2 1 8 5 7 10 3 8 18 6 4 0
"225" 5 2 2 12 10 13 6 11 12 11 2 12 5 29 25 7 14 5 12 11 2 0 0 1 2 2 2 1 7 12 6 14 9 6 7 10 4 0
"226" 6 2 4 5 7 7 9 14 9 8 3 14 0 19 20 6 12 6 17 18 3 1 0 4 1 3 4 3 12 18 13 15 7 10 9 21 0 1
"227" 10 6 8 13 12 13 6 11 14 15 2 9 10 13 18 6 6 7 18 31 5 2 2 10 2 3 1 2 10 22 29 14 5 20 11 20 3 1
"228" 1 3 3 10 12 9 5 17 18 13 5 9 7 15 25 5 6 5 17 20 2 1 3 5 5 8 3 3 5 30 17 6 4 7 12 16 1 0
"229" 3 4 9 9 6 4 2 12 5 12 1 10 8 8 11 6 5 2 11 21 3 0 1 6 4 13 4 3 3 24 25 9 13 6 16 7 1 3
"230" 10 3 3 8 12 8 5 27 9 13 1 10 9 12 21 9 7 6 16 16 4 1 2 8 2 10 3 3 12 19 13 7 13 6 8 13 2 4
"231" 6 5 5 24 9 14 4 17 22 8 3 12 9 20 31 14 7 6 14 14 4 2 0 7 5 13 1 4 12 30 30 12 7 12 18 21 2 5
"232" 2 2 3 9 8 16 7 10 7 6 0 3 9 21 16 11 17 4 15 9 3 2 3 0 4 7 1 5 5 16 9 6 9 13 6 12 2 2
"233" 4 4 4 7 10 4 7 12 7 7 3 4 4 18 10 3 8 5 9 8 0 4 1 6 4 7 4 3 6 8 19 12 6 4 5 12 1 1
"234" 2 11 4 24 25 7 9 16 24 5 3 17 13 25 20 4 17 1 17 21 7 3 3 11 6 1 4 6 7 35 33 5 8 13 16 10 3 1
"235" 4 1 7 4 11 5 4 17 16 3 1 7 7 16 24 7 16 8 26 9 4 2 3 7 6 8 2 5 8 15 15 11 7 5 13 11 1 3
"236" 2 12 7 0 0 8 3 14 28 2 3 2 24 15 12 4 5 4 15 12 1 1 2 8 7 6 0 5 5 31 22 15 10 8 10 14 3 3
"237" 6 9 4 9 6 1 1 15 9 4 3 5 5 13 8 9 10 3 11 13 2 3 0 2 3 2 1 2 7 18 13 8 13 3 8 12 3 3
"238" 2 4 8 12 16 8 6 13 9 11 1 15 10 27 28 4 14 6 18 13 3 0 0 6 3 13 3 2 8 25 18 2 7 8 11 16 1 1
"239" 6 7 8 2 8 2 10 7 22 4 2 7 4 9 4 3 7 8 11 7 3 2 1 5 3 8 1 1 8 22 12 10 4 7 13 9 5 3
"240" 1 0 2 7 12 3 1 6 9 7 1 10 5 15 17 3 5 2 11 15 5 2 0 6 3 5 2 6 5 9 28 4 4 9 14 12 1 1
"241" 8 4 6 17 16 9 8 17 22 10 2 10 18 10 15 5 15 7 14 19 4 5 2 7 4 12 4 5 10 30 24 18 10 11 19 11 5 4
"242" 9 6 10 20 28 8 8 12 19 15 3 17 5 17 16 10 8 6 23 24 6 6 4 13 9 18 3 2 17 31 34 21 13 13 21 27 5 0
"243" 6 6 2 7 3 4 8 12 13 8 7 8 10 15 13 7 12 3 26 21 8 0 0 4 4 5 3 2 10 34 18 6 2 7 7 11 3 3
"244" 11 12 5 6 8 6 6 12 13 19 1 17 11 29 16 10 11 10 8 12 3 6 2 9 7 10 5 4 13 16 31 15 5 8 10 15 0 2
"245" 6 4 7 10 6 10 6 22 21 6 3 9 4 26 29 13 15 11 19 18 6 1 6 3 10 17 9 1 10 15 30 9 5 20 23 11 3 4
"246" 4 3 6 9 5 11 4 13 20 11 2 8 6 21 20 7 8 13 18 13 4 2 0 10 0 6 1 3 14 21 19 5 7 11 15 6 3 3
"247" 7 11 3 24 17 7 10 16 24 17 4 14 5 22 34 6 27 7 26 19 6 3 2 12 12 17 6 5 13 27 29 15 8 12 21 14 5 5
"248" 3 6 7 21 19 4 4 13 15 6 1 16 9 14 9 4 6 5 12 9 6 3 2 3 8 11 2 4 7 25 10 8 6 11 10 15 2 4
"249" 6 10 3 24 26 7 13 19 16 10 5 17 26 30 22 8 15 11 15 13 5 6 4 7 6 12 2 5 12 28 23 8 5 14 10 17 4 2
"250" 6 10 4 18 23 13 8 9 15 6 1 10 9 20 11 8 16 8 10 20 7 3 1 7 2 3 1 3 6 7 19 13 4 6 11 14 2 2
"251" 3 2 3 7 11 8 6 6 13 4 5 13 11 16 11 7 6 9 8 15 5 1 1 3 4 11 2 7 14 11 16 12 8 7 6 6 4 2
"252" 3 4 5 1 2 3 6 14 9 5 2 5 10 12 8 5 11 2 15 6 1 2 3 2 3 7 0 3 3 22 15 12 7 7 18 9 2 0
"253" 8 12 11 17 21 7 16 15 16 9 1 7 7 13 16 6 11 8 13 17 3 1 1 8 3 9 7 6 4 21 23 10 7 5 9 13 4 1
"254" 7 4 8 17 10 7 4 11 18 11 1 9 9 18 19 4 8 4 16 22 6 4 3 5 5 11 6 5 8 9 35 12 8 14 10 5 8 2
"255" 4 4 11 12 6 5 2 14 22 3 2 11 8 18 22 6 11 2 21 12 6 2 0 5 6 8 5 4 7 29 26 9 5 6 15 8 4 1
"256" 8 4 2 6 5 10 6 5 9 10 2 5 10 18 11 5 11 6 14 11 1 5 1 10 7 7 2 2 4 30 14 8 10 9 8 8 5 5
"257" 5 8 3 13 10 4 2 6 15 5 1 10 14 19 24 11 7 4 13 13 3 2 2 7 7 7 7 0 17 21 13 12 2 7 13 19 3 1
"258" 4 4 5 15 8 2 9 18 10 17 1 10 14 38 19 5 16 13 17 16 4 3 1 3 6 11 3 0 15 35 15 18 12 8 12 14 8 1
"259" 7 6 1 12 16 3 10 14 22 10 2 10 6 19 20 11 9 4 18 18 3 6 2 10 8 13 2 3 9 16 35 16 7 10 18 15 3 2
"260" 11 3 4 4 6 4 2 12 11 1 2 13 16 10 16 2 9 5 12 4 6 3 4 4 1 4 3 2 3 23 15 5 10 5 10 8 1 1
"261" 9 7 6 7 15 5 6 8 10 11 4 10 9 22 14 9 6 4 17 18 4 4 7 5 1 26 4 1 7 14 22 12 9 10 17 15 1 3
"262" 8 4 8 7 14 8 15 9 8 5 3 17 7 14 19 8 5 5 10 19 0 2 2 4 2 10 5 6 8 13 27 15 5 12 6 4 3 2
"263" 5 6 5 4 3 3 6 7 16 8 2 11 10 15 16 5 9 7 19 9 3 2 1 2 4 12 1 2 9 15 12 11 6 14 14 2 3 2
"264" 5 3 4 6 11 5 4 14 14 6 1 11 15 17 15 9 8 3 21 13 3 2 1 3 8 11 1 2 11 23 20 7 8 10 15 12 2 3
"265" 8 6 5 17 27 14 4 13 21 15 6 18 9 26 24 7 12 10 15 14 3 3 3 8 6 11 1 5 4 26 11 13 11 14 16 12 8 2
"266" 8 8 1 10 16 10 5 12 16 10 1 17 19 17 26 9 12 7 17 14 4 3 2 3 7 14 3 4 8 23 32 12 6 12 19 6 3 3
"267" 9 11 4 19 43 16 8 14 20 9 3 11 14 31 18 10 13 13 13 11 5 1 1 8 6 17 5 3 9 25 30 16 9 9 18 12 0 1
"268" 4 6 9 3 8 9 6 12 18 2 3 7 6 18 22 3 6 13 20 11 9 1 3 4 2 11 2 0 6 15 12 12 8 8 13 9 10 2
"269" 3 5 4 21 15 3 6 8 6 7 1 1 5 16 18 9 15 4 10 6 6 2 3 5 8 11 1 2 8 15 19 11 5 10 19 9 5 0
"270" 4 5 7 11 22 8 8 22 11 9 1 9 3 19 16 1 10 7 11 14 1 4 3 4 8 12 0 4 7 16 20 13 4 15 10 8 4 1
"271" 5 9 3 8 9 7 14 11 20 19 4 12 15 16 18 11 5 6 24 10 4 2 3 10 9 7 3 3 11 22 14 13 6 13 8 8 2 2
"272" 4 6 9 17 18 2 6 14 18 9 1 11 13 33 27 8 9 4 19 12 6 6 1 11 13 4 2 1 15 29 19 10 14 18 12 13 4 1
"273" 3 7 4 14 29 10 7 11 20 15 1 13 4 20 29 9 7 9 16 13 3 1 1 5 7 17 3 3 14 19 20 15 5 15 25 12 11 1
"274" 3 6 9 11 13 5 3 17 13 12 6 16 19 18 22 18 5 6 19 17 4 2 2 8 3 7 2 6 9 13 27 8 9 7 10 10 5 1
"275" 5 4 7 10 6 7 3 11 23 7 2 8 13 17 10 4 4 5 13 12 0 0 4 3 4 5 2 3 3 25 21 14 8 5 14 15 2 0
"276" 10 12 6 12 8 9 13 12 9 23 1 7 19 22 29 7 16 3 18 13 4 1 3 6 5 17 3 3 7 33 28 17 10 13 20 17 5 1
"277" 6 10 13 19 15 8 5 18 15 12 0 16 9 12 16 8 18 6 19 9 1 4 2 8 3 13 3 3 15 25 26 9 0 8 18 10 2 2
"278" 2 9 2 7 12 3 12 4 6 5 1 9 12 11 9 6 6 4 8 8 1 2 3 4 0 3 2 1 4 12 16 12 5 4 8 11 2 1
"279" 1 5 8 1 1 0 1 8 16 5 2 1 8 0 3 1 8 3 5 3 2 2 3 3 2 1 1 0 6 8 6 7 4 3 12 7 0 0
"280" 1 6 5 9 9 1 5 16 18 1 3 9 0 10 19 4 7 6 14 12 10 2 3 11 10 4 4 3 5 18 15 10 5 7 16 5 4 2
"281" 5 6 2 9 12 4 5 13 25 4 2 6 9 16 18 6 13 4 18 11 3 4 2 6 4 4 1 6 9 22 15 10 6 16 16 9 3 3
"282" 2 1 4 0 0 2 6 11 10 4 1 4 10 14 18 3 8 0 10 3 3 0 0 3 2 3 0 2 1 5 12 15 3 11 2 3 0 0
"283" 7 4 6 18 20 9 4 15 21 6 3 6 15 12 24 13 14 2 9 16 5 0 3 7 3 4 2 0 12 27 22 13 7 11 19 9 3 4
"284" 3 4 8 24 13 11 6 18 22 13 3 17 12 13 22 5 13 6 17 24 2 3 3 14 8 17 0 3 8 26 21 13 7 2 26 22 2 3
"285" 8 10 7 0 0 14 15 26 12 8 6 12 10 28 23 5 14 4 19 10 11 3 5 6 5 16 4 4 13 21 22 8 5 13 14 15 4 6
"286" 6 2 4 15 4 5 3 4 13 11 1 7 3 13 8 11 8 6 9 9 2 2 0 3 6 4 7 5 8 15 14 15 10 10 23 11 1 3
"287" 9 11 5 20 36 10 10 14 14 15 2 11 15 14 22 7 10 8 25 15 0 0 0 7 7 12 2 3 9 22 26 5 6 9 22 10 2 2
"288" 3 5 10 11 14 6 3 20 8 8 3 9 4 27 19 9 7 6 23 15 7 2 0 6 6 7 5 5 8 18 17 17 7 10 16 7 2 6
"289" 7 3 9 7 8 7 5 11 23 6 3 9 10 23 22 8 10 2 21 10 2 1 1 2 3 15 6 3 7 28 25 11 12 8 21 15 4 0
"290" 5 6 7 9 6 3 4 8 13 15 1 18 17 23 13 2 10 4 11 12 3 0 1 4 2 18 1 2 4 20 13 8 1 14 6 13 2 2
"291" 4 8 5 20 16 5 7 9 17 12 0 10 8 14 24 5 12 3 17 16 8 2 7 6 5 4 6 2 7 29 18 9 3 4 16 16 6 1
"292" 10 2 8 26 26 9 9 25 8 4 1 13 7 18 40 13 14 6 16 19 8 5 1 7 6 22 8 4 14 28 18 13 9 25 21 22 2 9
"293" 4 13 7 9 7 6 12 21 17 13 4 3 18 32 19 11 21 2 18 14 7 2 3 12 1 12 1 6 6 17 20 9 4 12 5 9 2 2
"294" 3 3 6 20 28 7 8 14 20 9 1 9 8 11 27 9 18 9 26 20 4 0 2 8 4 23 3 7 11 21 13 9 2 14 17 18 2 0
"295" 3 2 6 4 3 3 1 13 11 4 0 5 6 10 7 2 4 1 20 4 2 0 1 3 3 0 0 1 7 9 14 11 6 4 5 6 1 3
"296" 5 10 8 4 4 1 2 6 18 4 3 14 8 22 12 8 5 8 8 13 6 5 1 4 9 7 3 4 7 13 9 6 8 9 6 13 0 6
"297" 7 9 12 13 3 8 8 18 24 9 2 12 15 25 23 5 13 4 16 21 5 0 1 2 7 12 1 2 7 20 24 10 7 20 32 15 5 1
"298" 9 9 4 11 12 12 6 25 12 13 1 7 5 23 19 13 22 10 18 20 1 4 2 12 4 6 3 4 12 30 26 10 4 12 14 16 1 1
"299" 5 3 6 19 10 7 6 10 9 9 0 5 9 23 12 7 11 4 11 12 2 3 1 4 4 6 2 2 8 15 6 13 5 12 21 8 4 2
"300" 1 7 3 0 0 0 1 8 9 5 2 10 9 13 14 6 7 8 21 7 4 3 1 8 4 6 1 2 3 22 15 15 5 4 9 15 3 5
"301" 7 8 9 14 7 1 6 12 12 6 2 11 10 15 23 9 10 3 12 12 2 2 1 10 3 12 2 3 5 36 10 19 8 12 17 23 1 3
"302" 5 8 14 7 9 9 7 18 16 11 2 14 9 9 11 7 9 17 19 19 2 2 1 8 3 11 1 7 14 22 21 9 8 13 21 11 3 1
"303" 1 3 1 8 6 3 10 11 14 17 3 12 2 22 8 3 11 5 7 4 2 1 1 1 4 5 3 3 9 12 17 3 4 8 12 13 0 3
"304" 5 4 3 13 10 12 8 14 12 3 3 11 10 18 16 3 10 9 19 15 2 1 4 7 2 9 4 1 12 18 17 14 4 9 14 10 3 5
"305" 1 6 5 15 16 7 9 14 8 4 0 9 11 8 29 4 7 9 18 22 2 2 0 7 6 4 2 7 7 15 21 10 10 13 14 15 4 5
"306" 9 5 2 8 6 7 5 13 11 9 2 11 7 14 13 6 9 3 16 16 6 2 1 11 3 8 3 3 5 17 25 6 4 10 7 7 5 1
"307" 8 7 6 10 21 6 8 14 9 5 5 8 12 30 12 3 2 13 24 13 5 1 2 3 7 5 4 8 11 20 19 11 8 16 16 24 7 3
"308" 5 7 3 9 12 4 10 8 17 10 1 4 8 10 8 6 10 6 8 17 4 2 3 10 8 16 2 3 11 27 10 8 4 7 15 11 4 1
"309" 0 3 4 23 38 10 7 10 14 10 5 7 10 36 22 2 12 8 13 15 5 4 0 11 3 12 2 3 4 30 20 9 10 14 6 8 5 0
"310" 10 10 12 15 14 8 5 8 21 10 3 13 10 13 21 9 6 1 17 9 2 0 2 2 4 8 3 5 8 33 9 11 11 10 13 5 4 4
"311" 7 7 6 5 11 13 12 13 10 5 2 12 6 18 12 5 5 12 5 3 2 3 1 7 1 19 1 1 5 12 12 15 13 4 9 12 3 2
"312" 7 5 4 31 20 2 8 23 34 14 3 10 9 21 26 11 11 2 25 23 4 1 1 7 6 18 4 3 10 15 23 11 3 11 22 11 1 2
"313" 8 5 6 18 12 6 5 20 11 9 4 10 13 25 27 6 11 9 12 25 2 4 3 7 3 10 2 3 9 28 25 11 5 14 8 7 8 3
"314" 5 5 10 12 21 17 5 12 19 12 1 16 2 21 14 9 12 5 23 18 4 4 2 12 9 15 6 2 9 22 21 13 9 10 16 16 3 0
"315" 1 3 6 15 19 3 10 9 9 6 3 8 9 14 9 10 7 12 5 5 4 0 1 5 3 14 2 3 7 22 7 16 13 19 9 4 6 1
"316" 3 4 5 21 33 8 11 16 19 15 3 10 11 19 16 5 12 3 24 24 3 3 5 5 4 14 4 3 7 12 22 16 3 18 18 17 1 0
"317" 9 10 3 0 0 9 6 14 17 13 5 14 6 18 6 10 6 6 25 19 3 3 3 6 10 9 1 4 11 27 20 14 5 16 8 11 1 4
"318" 4 7 3 6 5 3 4 7 11 4 2 7 3 7 3 8 5 2 16 23 2 2 2 2 9 4 4 2 6 19 10 7 8 12 9 8 1 3
"319" 7 5 7 0 0 19 8 4 17 11 2 6 4 22 12 8 10 6 11 18 4 1 0 5 5 12 2 3 13 23 33 7 12 14 13 6 3 2
"320" 5 5 2 9 18 7 4 11 15 6 4 5 2 22 20 7 14 10 10 16 1 4 0 5 10 14 5 3 10 25 25 8 6 7 8 10 8 2
"321" 2 7 5 9 12 8 7 15 7 5 2 9 7 15 16 9 14 4 7 6 3 3 1 3 3 10 3 3 12 22 17 14 8 15 9 9 2 2
"322" 3 2 7 19 14 10 4 9 12 8 3 15 6 26 13 2 10 5 13 12 2 2 3 3 4 12 4 4 11 36 18 10 2 14 8 19 2 0
"323" 8 10 10 23 24 15 6 13 13 10 3 22 18 26 30 11 11 5 28 15 1 4 3 14 2 13 5 5 11 19 22 19 2 3 3 14 9 1
"324" 6 9 3 13 8 6 7 13 12 11 0 13 10 49 19 4 11 4 18 8 4 4 2 3 5 4 1 3 9 12 20 16 5 8 10 14 2 1
"325" 2 10 9 24 27 22 14 23 14 12 4 14 11 26 16 5 12 14 21 19 8 5 0 11 8 17 9 2 15 17 25 16 12 11 20 8 4 4
"326" 5 10 7 0 0 5 4 7 18 6 7 8 13 31 23 6 13 4 12 8 4 0 2 7 6 10 3 2 11 27 26 13 4 11 15 11 2 5
"327" 6 4 4 6 11 4 8 15 14 10 4 11 9 20 13 7 10 11 13 10 4 1 1 7 4 15 2 2 8 20 21 17 7 8 10 8 6 6
"328" 3 2 4 9 8 6 10 9 19 8 1 4 5 11 11 6 16 1 8 7 4 2 2 3 2 5 5 3 5 10 22 7 6 5 9 10 3 0
"329" 1 4 4 0 0 6 9 7 18 6 7 8 11 19 11 12 8 1 14 12 2 4 3 9 5 10 4 4 7 11 20 19 10 8 12 17 2 1
"330" 3 4 6 8 6 11 10 16 13 11 1 6 5 24 24 21 8 10 16 12 6 4 3 4 5 13 1 7 8 22 23 7 7 9 15 12 2 1
"331" 3 6 5 6 9 14 8 19 9 4 4 6 10 15 12 6 12 3 7 16 4 4 1 4 2 10 2 3 5 24 26 16 1 6 15 15 3 3
"332" 6 4 4 0 0 11 4 15 7 5 1 10 9 13 11 7 11 8 18 10 3 2 1 3 11 6 6 0 11 19 14 6 2 10 18 19 1 1
"333" 4 5 3 27 17 7 6 23 18 6 2 10 4 17 23 8 8 10 14 24 3 4 0 8 5 11 2 2 14 30 16 14 8 11 18 9 10 1
"334" 7 5 10 3 7 3 7 10 14 8 4 12 10 10 10 10 10 8 10 9 2 0 2 2 4 6 4 2 7 12 20 11 4 6 21 19 4 1
"335" 4 2 3 8 8 4 7 4 14 8 2 8 4 8 14 5 4 6 10 8 3 3 2 3 3 7 1 0 9 6 22 5 4 6 11 8 1 0
"336" 9 4 3 7 17 7 8 10 4 7 4 18 8 16 23 9 10 5 21 9 5 0 2 6 4 12 3 0 5 28 18 6 6 10 11 10 1 0
"337" 2 4 5 5 5 5 7 3 9 7 0 7 4 19 16 3 6 2 11 14 2 4 0 9 4 4 2 2 4 21 19 9 5 8 12 18 4 3
"338" 2 4 4 0 0 5 4 4 18 10 0 10 12 38 31 8 12 4 11 16 5 2 1 10 2 7 2 6 18 19 24 15 4 17 16 29 3 0
"339" 5 4 9 9 22 8 6 21 16 4 5 6 12 14 16 6 18 8 11 25 3 1 3 6 3 11 3 2 13 23 31 11 13 10 10 14 6 2
"340" 9 12 3 13 22 8 9 13 9 16 1 11 26 14 21 13 14 6 10 30 8 1 2 8 4 12 5 8 7 25 28 20 14 11 21 5 1 6
"341" 8 4 7 7 9 9 8 16 10 8 4 3 15 16 20 11 13 2 32 14 3 2 0 4 3 7 3 4 4 25 17 9 8 20 13 17 0 3
"342" 7 5 1 9 12 6 4 16 15 2 0 15 14 29 20 4 15 4 28 29 8 0 1 11 10 18 3 7 9 24 30 11 4 13 19 25 1 1
"343" 6 4 6 16 17 2 2 16 19 8 1 18 5 16 26 12 10 10 25 8 5 3 6 6 2 23 1 1 10 20 24 7 3 15 20 6 4 4
"344" 9 4 8 18 27 8 6 6 11 16 1 6 4 25 12 4 9 14 9 15 4 1 0 3 12 7 2 4 12 18 28 13 2 8 7 9 1 0
"345" 5 5 7 28 10 9 11 19 16 5 2 5 3 11 13 5 8 7 11 15 5 6 1 2 3 12 4 1 7 12 20 12 5 10 21 6 4 3
"346" 5 6 2 15 5 4 6 20 10 6 1 11 2 12 22 8 10 2 9 11 4 3 2 4 1 4 2 1 6 15 20 11 4 7 11 5 5 3
"347" 6 7 9 0 0 8 8 20 15 5 0 7 8 18 18 8 12 6 11 19 3 5 0 5 5 10 4 8 9 26 19 14 10 5 10 14 4 5
"348" 8 10 7 9 1 6 8 11 11 8 1 8 4 26 13 15 8 6 16 23 4 2 2 10 5 11 4 1 3 28 18 7 7 10 14 11 5 3
"349" 8 4 1 7 14 8 3 14 15 10 3 9 17 26 9 1 13 9 16 8 0 4 1 3 2 11 0 3 4 16 11 10 1 5 12 13 2 0
"350" 9 4 5 2 7 8 4 8 8 1 2 6 7 5 6 1 7 6 14 12 3 3 4 6 3 4 0 9 4 17 15 18 4 9 6 9 1 4
"351" 3 4 5 13 12 1 5 14 16 7 1 13 10 17 13 2 8 9 16 11 2 3 1 6 2 4 0 1 5 20 20 8 11 4 12 4 0 0
"352" 2 2 1 7 5 1 6 9 4 1 2 9 8 13 15 7 8 5 12 9 3 3 3 11 5 5 4 0 3 9 9 4 7 5 1 10 1 0
"353" 6 6 2 8 3 8 13 9 13 12 3 5 14 12 22 5 17 3 21 8 3 2 3 5 4 9 8 3 4 22 18 12 5 7 14 11 3 2
"354" 4 0 0 7 7 3 4 7 3 5 0 2 5 6 8 3 4 0 16 4 2 0 2 3 4 4 2 0 12 17 7 9 5 4 9 8 0 0
"355" 3 5 5 8 10 1 2 8 11 4 1 7 10 18 4 9 9 3 10 7 3 2 1 8 5 4 1 1 7 18 15 6 3 4 9 9 1 1
"356" 5 6 5 26 11 8 1 9 11 6 2 12 7 10 9 3 8 1 14 12 3 3 3 5 5 12 3 3 11 24 15 11 5 10 13 9 2 3
"357" 6 12 7 9 11 16 8 8 16 18 1 8 11 32 16 8 12 9 12 11 6 4 1 11 8 14 4 9 10 26 24 12 9 15 12 17 2 4
"358" 9 8 12 17 18 13 5 18 15 16 1 8 13 13 9 13 7 4 4 5 5 3 1 9 3 5 1 4 18 18 10 4 9 12 11 9 2 2
"359" 12 12 6 8 22 6 7 23 27 14 2 14 18 15 29 10 15 5 28 20 2 0 3 8 7 9 4 3 10 30 34 30 11 14 15 20 4 0
"360" 3 7 8 17 15 6 4 12 11 11 2 9 14 21 22 8 9 3 12 5 3 0 0 3 6 10 1 2 13 13 17 13 6 8 10 10 1 3
"361" 5 10 7 10 10 4 7 11 27 15 1 13 1 27 21 14 17 7 13 25 3 3 3 10 15 10 5 1 17 20 24 25 12 10 14 16 4 5
"362" 5 6 5 0 0 6 8 17 9 6 5 22 11 15 17 4 17 6 22 13 3 1 0 5 0 18 3 6 14 25 24 9 7 14 19 7 4 3
"363" 2 9 5 16 19 11 11 13 21 8 4 12 11 17 24 9 9 8 22 18 3 1 6 6 10 9 3 6 11 17 17 15 7 20 9 16 4 1
"364" 7 2 5 12 19 3 3 10 10 15 1 7 12 14 13 5 1 5 24 11 1 3 1 3 3 6 5 2 12 12 17 13 8 7 13 9 3 1
"365" 8 7 6 6 5 12 8 10 19 4 2 10 15 10 20 2 19 5 5 14 1 1 1 7 7 15 4 2 10 28 21 13 11 10 19 12 2 2
"366" 7 5 10 12 8 7 8 11 11 18 2 11 9 37 26 15 12 7 17 18 3 0 2 2 2 5 3 4 17 16 29 10 4 13 12 9 1 0
"367" 3 4 8 14 21 5 8 13 12 7 2 10 7 18 22 8 11 3 25 16 5 2 3 3 11 7 2 2 8 16 7 6 8 7 18 9 2 2
"368" 3 2 3 20 9 9 7 9 12 8 3 11 11 24 15 7 8 5 28 15 2 1 2 4 2 7 3 1 6 26 31 11 8 11 20 5 3 2
"369" 2 8 5 14 15 7 5 11 16 5 5 9 7 11 22 8 6 0 21 10 6 1 0 5 3 3 2 3 9 18 22 11 10 17 16 8 3 2
"370" 4 2 3 19 17 9 8 18 22 9 0 18 16 26 16 19 15 13 10 25 7 3 5 8 8 17 6 2 15 24 32 10 6 10 27 11 3 3
"371" 3 0 3 7 10 7 4 15 13 10 3 3 8 4 1 3 11 3 12 11 0 1 3 6 6 2 2 1 5 16 14 5 6 6 12 7 2 0
"372" 5 6 2 7 5 4 4 12 12 7 3 14 8 7 19 3 6 15 14 22 1 3 0 6 1 9 2 5 2 25 23 3 5 11 9 13 2 2
"373" 3 7 4 9 1 3 0 6 10 6 3 3 11 12 13 3 6 2 17 11 1 2 2 6 1 0 4 2 10 10 19 13 9 10 13 21 2 1
"374" 2 5 4 0 0 9 6 16 17 5 1 6 6 12 20 5 3 3 8 11 2 1 0 2 6 4 3 4 5 17 13 13 3 8 12 7 1 1
"375" 4 4 3 12 10 7 9 17 12 6 4 10 7 14 16 11 12 5 22 12 3 0 0 5 5 11 2 1 5 10 27 20 4 14 15 15 4 0
"376" 3 9 1 15 10 16 11 14 13 9 4 8 19 27 17 5 16 3 18 20 4 2 1 2 4 7 2 3 8 24 20 12 6 16 18 17 2 1
"377" 6 10 5 13 7 8 2 19 17 12 0 9 8 14 12 6 11 9 7 15 2 3 1 5 7 15 7 5 7 23 21 9 4 8 8 6 3 3
"378" 3 8 5 10 10 8 9 17 19 6 1 16 3 28 36 4 13 14 28 20 4 5 0 9 4 12 2 5 6 18 18 6 13 10 19 18 1 3
"379" 9 7 10 17 17 9 11 21 19 9 3 6 11 17 23 2 14 6 11 13 6 2 5 8 9 7 6 4 6 25 24 15 7 5 8 13 1 2
"380" 11 1 4 9 6 2 2 11 6 9 0 9 17 32 15 7 8 4 14 16 4 2 3 6 5 6 2 4 6 27 28 14 2 6 5 11 3 0
"381" 6 6 3 4 14 5 5 9 12 4 2 8 5 12 13 3 7 6 9 13 3 4 0 5 0 4 1 2 9 12 20 12 7 8 11 12 3 2
"382" 7 7 6 6 16 7 5 4 14 9 1 5 2 24 18 8 11 8 16 18 0 0 2 9 3 7 5 4 6 13 14 17 6 7 6 10 0 0
"383" 8 9 10 17 11 0 3 30 24 10 3 10 23 27 21 13 17 5 23 16 8 4 3 11 5 2 1 1 12 24 22 15 13 11 28 20 3 4
"384" 5 5 7 14 10 6 9 14 7 7 2 9 15 20 18 8 8 2 15 22 4 3 3 2 0 10 1 1 11 26 25 7 12 10 3 15 2 0
"385" 12 4 2 13 14 8 8 8 11 5 1 9 18 21 14 13 7 8 9 16 7 0 2 5 2 7 2 0 3 10 13 11 5 3 1 11 3 1
"386" 14 9 4 18 27 8 23 21 17 7 4 29 15 26 24 13 8 8 20 37 6 4 4 14 11 19 6 9 16 28 43 23 20 15 20 19 1 6
"387" 3 0 7 15 15 4 5 13 10 17 2 2 10 22 19 2 11 5 15 9 2 1 1 5 5 10 4 3 4 23 12 7 9 8 11 14 3 4
"388" 9 13 10 0 0 10 10 15 20 10 5 17 8 26 22 11 9 11 15 26 12 0 1 7 8 8 2 6 13 24 30 16 9 11 9 18 3 2
"389" 4 6 2 5 3 10 5 12 10 4 0 5 5 6 8 12 5 3 11 7 3 0 0 7 0 2 4 2 6 11 4 9 9 8 10 8 2 3
"390" 4 8 5 4 16 9 11 18 11 5 1 11 8 11 15 1 10 10 20 15 2 3 3 9 7 3 2 3 7 34 15 20 6 23 17 10 2 4
"391" 5 4 3 31 14 8 6 14 22 8 3 13 11 22 25 2 15 10 18 23 8 3 0 6 9 9 2 4 8 22 10 9 7 13 19 9 4 1
"392" 3 3 6 24 13 7 1 12 17 2 4 5 3 27 12 9 16 2 11 12 5 2 1 6 5 6 3 2 5 32 22 19 4 7 11 16 1 1
"393" 1 4 4 19 19 8 2 10 19 12 5 8 13 22 20 3 12 10 12 11 3 2 0 10 7 14 3 1 10 22 31 9 9 8 21 11 3 2
"394" 7 3 5 13 10 9 16 15 19 11 3 7 15 10 18 5 13 3 17 17 3 1 2 9 6 14 4 0 3 29 30 16 12 11 17 15 3 4
"395" 0 1 0 0 0 0 0 0 2 0 0 0 0 0 0 2 0 0 0 0 0 0 0 0 0 0 0 0 0 2 0 0 0 0 0 1 1 1
"396" 4 3 5 9 2 4 2 5 18 7 0 0 8 7 7 1 15 3 4 26 7 4 1 6 5 2 1 1 12 5 15 10 8 6 15 12 0 5
"397" 11 9 5 11 10 6 7 19 17 7 4 23 13 16 30 8 17 7 8 19 6 3 4 8 9 8 6 2 10 30 27 7 9 11 10 20 5 3
"398" 3 7 7 18 11 6 5 14 14 8 3 8 7 17 16 13 9 5 16 14 2 3 1 3 6 10 2 2 8 19 11 8 9 10 13 19 3 1
"399" 5 8 8 10 21 10 9 24 12 12 1 11 17 19 21 15 12 8 20 12 5 3 2 2 4 8 2 3 11 29 22 13 5 13 17 12 4 3
"400" 1 4 4 0 0 8 4 14 10 5 2 15 9 25 32 3 7 8 9 16 3 3 4 10 1 7 2 2 6 36 20 7 5 9 15 14 2 1
"401" 5 6 2 15 27 2 5 14 6 6 1 6 6 7 10 2 5 5 12 17 3 0 4 3 5 8 0 7 7 21 16 8 6 11 13 11 2 2
"402" 7 3 5 11 14 6 3 11 19 8 2 4 5 16 23 12 5 2 18 11 2 3 3 5 1 6 0 0 8 10 15 8 8 8 12 9 2 4
"403" 3 4 6 0 0 4 3 12 11 10 8 1 12 13 22 7 13 9 15 17 5 5 0 2 5 5 2 4 10 21 11 8 5 7 21 17 2 2
"404" 7 5 16 27 18 10 7 12 16 17 2 18 7 30 20 11 18 15 12 31 3 1 7 5 7 15 4 3 14 25 26 18 7 12 15 12 3 3
"405" 5 6 6 17 10 6 3 12 23 5 2 8 10 15 18 2 7 3 10 13 1 1 0 3 6 7 2 0 5 28 13 4 6 11 7 12 3 0
"406" 4 5 5 19 33 8 12 11 10 18 2 7 13 22 19 6 5 6 13 15 4 2 3 1 3 16 3 3 11 19 17 11 11 12 5 12 0 3
"407" 8 2 6 0 0 3 10 12 16 8 0 4 16 27 30 3 11 5 21 15 2 5 2 2 3 12 0 0 11 18 25 9 5 11 11 5 3 4
"408" 5 8 16 13 9 2 6 17 11 7 4 5 4 16 19 9 10 6 7 10 2 4 0 6 3 7 5 2 2 11 15 12 2 8 11 8 2 0
"409" 8 4 4 6 24 4 10 16 25 3 5 13 10 23 24 6 22 6 23 12 4 7 1 12 2 14 3 5 8 19 31 12 9 12 11 14 4 3
"410" 7 9 8 8 9 4 10 11 17 4 1 10 14 22 12 7 14 11 12 17 5 5 2 7 6 12 6 2 7 12 31 17 6 10 12 16 4 0
"411" 0 6 7 13 5 7 1 21 11 11 0 11 10 27 15 10 7 4 14 19 3 3 2 7 5 6 1 1 5 20 23 6 15 9 10 13 3 2
"412" 3 8 16 17 8 7 6 11 12 7 1 10 11 11 5 3 20 4 11 13 7 0 3 6 2 13 1 0 10 18 17 15 1 12 12 15 3 1
"413" 2 9 9 7 9 7 6 10 17 5 6 12 9 13 10 2 12 6 13 13 2 3 3 4 1 10 6 4 6 15 25 11 10 16 14 6 3 2
"414" 4 5 6 8 7 10 8 9 11 10 3 5 22 4 11 10 12 9 14 21 1 2 2 8 7 8 7 3 8 17 16 13 11 14 20 19 5 4
"415" 2 10 8 14 7 11 16 12 25 11 4 18 16 16 25 7 20 3 28 20 7 2 1 5 4 7 6 2 17 28 30 10 6 11 20 18 6 2
"416" 7 7 3 0 0 7 5 6 14 7 1 5 14 25 18 7 5 5 7 25 0 1 0 1 4 7 4 3 4 8 17 12 4 4 15 5 4 3
"417" 5 5 5 8 6 2 2 8 10 6 3 11 2 18 24 2 18 7 14 19 3 3 2 8 9 6 2 7 7 21 26 15 7 4 19 10 4 3
"418" 3 2 8 8 11 1 2 6 18 7 1 10 8 22 15 11 5 9 16 9 1 1 2 4 5 4 0 0 12 6 6 2 2 4 10 5 3 4
"419" 1 7 5 5 8 4 4 8 12 8 2 10 4 8 13 3 7 9 5 19 5 1 0 3 8 4 0 0 8 16 17 9 6 5 20 8 1 1
"420" 3 6 4 7 16 2 3 8 9 7 2 11 8 10 13 7 17 5 10 17 2 2 2 3 2 9 7 0 1 5 8 3 2 5 14 5 3 6
"421" 6 3 4 20 16 10 6 11 11 9 2 7 6 17 14 12 3 4 18 14 6 3 1 8 4 3 1 2 10 20 21 14 1 15 14 25 1 3
"422" 4 7 2 18 24 7 3 6 10 7 0 5 10 16 19 3 10 1 10 12 1 1 0 3 1 3 2 0 10 16 17 8 0 6 14 7 2 0
"423" 3 2 4 25 20 9 7 8 14 9 1 8 14 16 19 5 7 6 17 10 3 3 3 6 6 12 4 3 8 17 11 14 9 19 14 19 2 4
"424" 3 7 5 17 8 11 8 10 11 17 2 11 7 17 18 9 8 5 17 16 4 2 1 5 4 7 4 4 10 29 13 6 8 13 20 9 4 1
"425" 4 1 5 6 3 2 0 3 16 6 2 1 6 10 22 3 14 3 16 8 3 0 0 5 0 1 4 0 1 12 14 10 3 1 12 3 0 2
"426" 2 7 3 0 4 2 1 7 12 5 1 5 9 4 16 10 7 5 20 11 4 1 2 12 3 7 3 3 6 20 14 14 14 7 9 9 1 0
"427" 4 2 4 23 13 11 6 13 12 8 1 14 15 20 22 12 24 7 18 11 8 4 2 4 6 6 4 6 5 20 24 11 9 14 14 8 4 5
"428" 4 11 8 19 12 8 8 19 17 9 4 5 13 33 27 11 17 8 13 33 4 1 1 11 2 11 4 5 12 16 28 13 12 12 10 19 5 5
"429" 3 6 12 11 13 8 0 26 14 7 4 10 18 21 12 7 17 11 6 22 1 3 3 4 6 6 2 7 12 17 16 20 9 10 9 15 3 1
"430" 3 6 9 24 17 6 10 16 15 20 5 12 5 16 20 15 11 5 18 22 7 3 4 4 7 19 2 0 8 29 11 16 5 14 20 17 5 4
"431" 9 3 2 14 16 2 6 8 20 7 3 10 13 10 22 9 6 6 15 15 6 2 1 5 4 6 1 0 6 19 19 15 6 15 15 14 5 2
"432" 5 6 5 0 0 8 8 14 16 5 1 7 11 19 23 17 17 6 24 17 5 3 6 8 2 16 3 7 9 31 22 10 11 9 10 17 2 2
"433" 3 1 12 14 19 9 6 24 15 7 5 14 15 14 19 12 17 8 17 11 5 4 0 14 3 12 7 1 7 17 24 15 7 14 16 9 5 2
"434" 3 5 7 25 13 12 5 7 17 5 3 18 12 20 22 4 7 7 13 15 8 2 3 5 7 11 0 3 16 23 29 11 10 14 14 20 5 3
"435" 4 10 3 12 18 8 6 12 20 9 1 15 14 6 11 3 4 9 8 19 3 3 2 5 0 9 1 3 4 16 26 13 7 15 6 10 1 3
"436" 3 7 3 22 13 4 9 12 7 6 0 5 8 22 11 1 14 3 15 12 5 0 1 3 2 8 2 2 8 19 25 5 5 17 12 7 4 1
"437" 4 8 5 12 9 12 14 14 14 8 0 11 15 9 26 4 12 7 18 20 6 1 1 5 5 9 3 2 12 26 19 9 8 11 26 11 5 4
"438" 5 1 1 8 7 10 10 5 15 6 0 7 7 22 10 15 14 10 16 10 3 1 2 9 8 14 1 1 10 19 23 21 2 13 12 18 6 1
"439" 8 6 10 0 0 7 4 6 6 7 3 9 3 15 29 11 17 5 9 8 3 2 2 7 5 3 0 1 7 26 19 15 7 7 19 17 3 1
"440" 10 10 10 10 13 5 3 15 12 10 5 7 16 22 21 2 8 5 20 13 3 2 2 6 2 3 4 1 15 17 26 11 7 11 14 13 4 3
"441" 5 7 4 8 7 4 3 17 27 3 1 10 9 20 16 7 12 7 24 17 4 1 0 8 7 4 2 3 8 8 11 11 5 13 13 7 2 3
"442" 4 4 8 15 32 8 8 12 14 5 1 4 5 33 13 3 11 8 9 13 3 1 0 8 2 9 4 5 15 34 22 14 8 6 11 13 5 4
"443" 4 14 5 5 7 10 6 9 21 8 5 9 9 14 17 8 14 8 21 15 5 4 1 7 10 11 4 4 12 19 21 14 9 17 14 11 5 0
"444" 13 5 8 14 15 12 4 22 18 12 2 14 11 14 18 14 13 5 12 9 4 2 2 7 12 9 8 0 12 13 24 10 8 10 19 17 8 4
"445" 3 10 8 7 11 6 10 13 12 18 2 5 1 25 22 6 11 2 21 11 2 1 1 5 4 5 2 2 18 21 21 14 5 13 13 7 4 2
"446" 9 8 8 7 16 9 10 14 18 16 4 19 8 28 23 8 6 4 24 30 1 1 5 5 6 16 1 7 11 32 20 18 6 13 20 19 3 4
"447" 7 7 2 21 21 9 10 12 19 22 4 11 4 17 20 14 7 5 18 9 6 2 1 7 4 10 4 4 12 26 23 22 11 18 10 13 5 1
"448" 3 3 2 19 6 3 1 7 9 8 0 9 8 8 8 2 8 1 20 8 1 0 0 6 3 9 2 0 7 14 12 6 12 11 7 9 0 2
"449" 3 1 3 14 13 11 0 9 9 1 3 6 4 13 14 7 7 6 7 10 2 1 2 7 4 4 3 4 5 10 17 10 4 2 15 12 1 2
"450" 6 4 11 21 26 12 14 13 12 8 1 15 8 19 20 15 12 5 22 20 2 5 2 7 4 9 5 7 7 18 40 20 9 11 21 6 1 3
"451" 1 3 6 4 0 0 1 11 9 4 0 10 2 8 5 0 10 4 13 14 1 2 0 2 3 0 0 1 4 5 8 9 6 2 3 8 0 0
"452" 9 3 8 16 21 7 8 25 18 9 0 9 32 23 33 6 10 8 16 9 7 2 0 16 6 9 3 2 14 13 26 16 19 8 17 11 0 0
"453" 10 9 9 6 4 7 3 16 21 10 8 20 17 22 26 6 10 15 19 18 5 9 1 2 3 13 3 4 11 35 26 10 8 11 16 15 2 4
"454" 4 12 4 9 4 6 7 20 14 10 0 8 6 15 23 6 9 3 22 24 2 3 2 5 2 8 3 3 8 20 20 20 4 9 10 9 1 2
"455" 10 8 8 10 12 16 13 9 22 14 4 21 12 23 21 12 18 11 23 16 5 4 1 8 6 17 10 5 8 24 21 9 8 13 16 14 5 0
"456" 5 8 5 19 11 12 10 10 16 9 0 9 9 20 12 2 9 6 15 14 3 1 0 7 6 4 4 2 13 11 17 14 1 8 10 3 6 2
"457" 6 6 5 17 11 15 10 13 17 7 5 17 23 13 8 3 22 7 17 12 2 2 0 12 9 11 1 3 13 13 36 16 4 17 11 13 4 5
"458" 3 8 0 27 19 11 8 8 9 8 1 8 9 17 23 6 11 9 15 8 2 3 3 8 5 5 1 4 10 20 12 7 9 14 10 5 0 1
"459" 7 16 6 6 2 0 0 9 21 2 0 4 12 16 22 5 22 0 15 17 6 2 1 9 4 1 3 0 4 25 21 14 10 9 16 12 2 4
"460" 8 2 5 11 5 9 4 15 9 5 1 5 6 20 5 4 10 5 5 4 3 3 4 4 5 7 1 4 9 22 20 6 1 7 5 12 0 0
"461" 8 7 2 14 5 6 10 8 23 7 1 19 19 22 20 7 7 8 24 18 3 2 5 4 9 4 4 2 8 23 24 15 5 13 13 11 3 6
"462" 13 2 3 12 4 12 8 17 19 12 4 11 9 5 12 5 7 8 18 19 5 0 2 10 4 7 4 4 12 24 25 8 7 15 21 11 2 5
"463" 2 5 3 12 6 3 3 20 10 4 1 4 9 20 3 9 6 1 14 13 3 4 2 4 8 7 4 0 4 14 11 14 4 5 8 19 0 4
"464" 10 2 11 0 0 3 6 22 13 7 3 10 28 26 32 9 12 2 28 14 7 3 3 14 8 10 1 6 12 26 31 30 10 18 16 23 2 0
"465" 5 6 3 11 12 3 2 16 16 7 6 15 15 11 16 8 17 8 11 21 3 2 1 9 5 6 0 2 6 26 21 9 7 10 11 17 0 3
"466" 4 7 2 2 3 4 5 8 9 8 0 9 12 13 24 7 11 14 9 11 6 0 2 7 9 11 5 2 9 10 17 8 14 6 8 12 3 2
"467" 4 7 8 5 6 10 4 10 16 13 1 7 8 9 27 3 5 6 12 27 2 2 2 4 5 3 2 4 10 20 18 8 8 20 23 21 4 4
"468" 10 9 2 7 30 8 6 12 15 10 3 7 21 22 24 13 15 13 25 15 6 4 3 20 11 19 3 6 6 31 24 15 8 10 17 11 3 3
"469" 4 8 4 13 7 7 11 4 7 8 2 8 11 8 6 9 1 7 10 10 0 1 1 1 7 13 2 1 4 6 14 4 3 8 14 7 3 0
"470" 4 6 13 27 20 9 9 13 29 24 8 13 21 19 23 16 19 9 21 30 10 5 5 11 14 15 6 3 17 26 20 14 14 20 22 24 9 2
"471" 10 11 4 7 8 10 9 17 16 17 1 18 12 23 27 7 12 3 19 22 2 4 5 6 6 12 9 4 10 22 15 12 8 14 13 18 2 3
"472" 2 10 0 26 15 8 8 12 4 5 0 3 11 12 13 11 12 5 7 11 0 2 2 8 3 5 4 5 10 18 16 11 6 7 16 8 2 3
"473" 1 15 16 23 18 2 5 16 27 9 3 20 18 14 13 14 16 7 21 37 5 3 3 6 5 14 8 2 12 26 24 20 13 10 14 14 3 4
"474" 4 11 10 13 5 10 7 24 12 15 3 17 10 30 19 9 7 7 10 27 4 1 4 12 1 13 6 2 7 40 26 15 8 17 16 15 6 2
"475" 6 5 4 13 9 4 4 14 11 6 1 11 29 27 20 7 5 7 18 11 4 4 3 3 6 13 4 2 5 23 16 18 10 5 13 13 2 2
"476" 3 10 1 0 0 0 14 8 18 3 2 11 6 14 16 6 6 8 9 20 3 0 2 2 5 9 5 1 9 19 10 3 6 9 16 11 5 0
"477" 3 11 4 23 15 1 16 7 16 12 1 13 5 28 13 4 7 3 22 12 4 3 2 12 2 7 3 0 7 28 21 12 6 13 10 10 4 0
"478" 4 8 7 36 18 19 8 20 16 14 4 9 12 22 26 12 20 12 20 21 1 4 0 12 5 3 4 3 16 23 25 5 9 13 17 16 4 3
"479" 9 5 6 14 9 8 4 18 15 7 1 5 10 15 26 9 6 10 13 13 1 1 2 7 2 9 2 2 7 36 16 9 5 15 12 11 4 2
"480" 8 6 4 10 6 7 5 8 18 5 4 12 9 21 32 5 14 2 17 17 2 0 1 19 5 6 4 4 13 18 22 16 2 8 18 12 4 1
"481" 5 5 3 13 13 5 7 19 14 6 4 17 9 34 24 2 6 8 6 9 3 1 1 9 2 10 4 0 11 34 18 13 9 8 15 7 5 1
"482" 8 6 13 12 11 9 10 18 19 9 3 15 6 13 2 2 13 5 16 17 4 1 2 4 1 15 0 5 12 24 18 13 8 8 14 19 1 1
"483" 3 4 3 10 10 2 4 11 18 4 4 11 3 18 12 8 15 4 13 10 3 2 6 2 7 2 2 3 7 16 18 13 5 7 16 7 0 2
"484" 10 10 8 13 26 12 5 11 25 18 0 6 10 16 20 11 13 5 22 20 1 4 1 5 1 12 4 3 13 19 33 16 7 12 17 11 0 3
"485" 2 3 3 11 14 3 4 10 5 10 1 1 11 16 13 10 4 6 15 17 2 4 2 6 3 6 7 4 7 17 17 4 9 15 9 5 1 2
"486" 7 8 8 11 13 9 6 10 10 6 2 9 9 16 18 7 18 8 19 17 5 3 1 4 8 18 3 1 8 20 27 18 10 11 29 14 3 5
"487" 6 10 11 20 24 16 10 17 17 15 3 13 13 28 18 6 9 10 24 18 3 1 5 5 4 15 5 4 17 22 11 15 9 17 25 14 2 6
"488" 6 13 8 28 21 13 15 13 29 9 3 21 14 31 20 12 15 10 28 22 3 1 4 10 3 18 6 2 15 25 23 16 13 15 28 20 5 5
"489" 8 3 10 1 2 15 8 17 11 16 1 14 2 11 23 15 13 11 17 26 3 0 1 21 3 18 4 3 12 17 28 13 9 17 15 20 5 2
"490" 4 8 9 0 0 21 5 18 18 13 2 17 14 13 21 10 5 4 12 16 3 3 1 5 7 6 3 0 10 24 9 5 12 14 12 13 3 3
"491" 7 5 4 13 3 6 10 20 7 10 4 9 4 15 19 5 9 10 19 10 5 4 3 10 7 10 3 4 10 20 17 8 6 19 17 11 10 5
"492" 11 7 7 11 16 6 13 15 9 12 0 11 10 15 11 4 13 5 8 15 4 2 1 4 4 7 3 4 3 22 28 8 3 8 20 10 7 2
"493" 8 12 0 15 15 7 2 10 15 9 5 9 16 20 22 9 12 4 15 12 7 2 1 10 3 7 1 2 10 26 11 12 9 14 23 8 3 1
"494" 3 5 4 24 22 1 9 9 14 3 3 6 8 10 19 7 4 7 12 12 3 1 0 4 8 12 0 3 6 18 19 15 7 7 14 14 2 3
"495" 9 5 4 13 18 10 10 4 12 8 2 9 5 21 12 8 8 9 14 20 8 1 2 5 3 12 6 4 20 20 24 11 3 8 18 10 2 6
"496" 2 1 9 16 8 7 14 10 12 8 5 15 9 20 18 12 17 7 18 17 0 2 1 12 8 9 5 2 12 17 18 11 11 9 25 19 1 3
"497" 6 6 6 14 13 4 7 8 11 6 2 8 9 16 15 9 9 7 13 12 4 2 2 9 4 9 1 1 6 25 21 2 12 3 10 10 5 3
"498" 2 7 5 8 6 6 10 15 10 7 0 13 9 20 16 8 6 6 15 15 5 3 5 3 8 6 3 4 15 14 24 13 10 8 6 15 3 3
"499" 7 1 13 17 17 2 4 21 13 9 1 3 18 23 14 7 13 4 22 17 3 2 2 4 5 12 4 1 6 20 20 7 6 10 18 6 3 5
"500" 3 5 6 7 13 0 3 24 18 4 2 10 4 12 9 7 11 5 10 8 0 2 3 9 3 2 3 3 6 11 11 5 10 4 10 25 1 0
"501" 4 5 7 9 6 12 8 10 14 15 0 7 8 20 16 4 6 4 13 7 3 4 1 2 7 9 1 2 5 19 22 17 11 11 7 4 4 1
"502" 7 5 5 5 7 6 2 14 16 11 3 7 11 13 10 10 9 10 13 18 4 3 0 6 9 10 3 8 10 13 22 15 7 7 6 11 2 1
"503" 4 10 7 20 10 8 7 12 19 11 2 10 9 28 22 8 10 2 26 10 2 4 2 7 1 13 3 2 12 22 19 10 5 11 20 8 3 1
"504" 4 3 4 7 5 1 9 6 7 3 1 10 8 12 12 5 9 2 7 4 2 0 1 6 2 8 4 0 16 12 16 10 6 11 9 7 0 0
"505" 5 10 7 5 15 5 6 11 7 8 4 9 7 31 14 3 14 9 14 7 2 4 1 13 4 13 2 1 11 18 23 17 16 6 18 8 2 0
"506" 2 5 1 1 4 3 0 13 11 10 0 7 6 4 11 5 12 2 10 9 0 3 0 5 3 1 0 1 6 16 25 5 7 7 11 6 0 2
"507" 1 3 5 10 4 9 4 5 7 7 1 6 6 8 19 7 11 4 25 12 3 4 0 6 3 2 5 2 13 14 15 4 10 7 10 6 7 3
"508" 6 7 5 20 22 9 4 9 9 6 5 14 7 22 14 8 8 0 23 12 6 1 1 6 1 10 2 4 9 16 20 15 4 0 11 10 1 2
"509" 1 10 7 8 12 8 4 15 9 6 2 7 8 14 15 12 13 1 31 19 5 0 0 2 9 17 1 5 12 27 23 14 12 15 13 6 1 4
"510" 5 2 3 7 21 9 10 12 6 11 3 12 19 12 19 5 7 3 7 13 5 1 1 5 0 12 0 1 4 17 17 4 7 5 12 7 0 1
"511" 6 3 5 0 0 7 2 6 12 6 4 9 8 19 12 5 8 3 12 9 2 3 0 7 2 5 0 2 6 10 14 5 4 5 10 3 5 0
"512" 13 5 3 10 10 13 8 17 8 8 0 11 20 25 23 12 8 8 14 28 5 1 3 7 4 12 7 2 9 9 21 16 8 10 21 10 6 7
"513" 2 4 6 18 4 9 11 6 12 13 2 19 7 13 18 10 12 11 15 16 5 0 3 6 5 10 3 6 3 22 19 8 6 13 15 12 3 8
"514" 0 4 3 11 18 11 8 14 16 6 2 6 15 21 10 10 11 4 7 12 5 1 3 6 2 15 5 3 17 17 21 12 7 8 21 14 4 0
"515" 3 8 1 15 11 6 3 10 19 9 1 6 4 27 19 2 9 12 15 9 1 0 1 4 5 8 5 3 5 15 15 6 6 2 13 11 5 3
"516" 3 10 6 13 24 12 2 8 7 9 1 6 6 15 28 6 8 4 6 17 7 1 3 2 5 4 3 1 6 10 16 4 10 5 15 7 4 0
"517" 8 8 6 9 10 15 7 11 19 8 1 8 11 21 20 3 10 7 27 12 3 4 3 7 8 9 2 3 10 20 23 17 5 13 19 13 1 2
"518" 7 3 6 10 17 4 5 15 6 6 1 17 7 29 23 8 7 5 20 22 3 3 0 6 3 14 4 2 10 27 27 21 6 10 14 11 5 4
"519" 7 5 11 4 11 9 10 9 27 6 3 13 8 16 20 7 16 6 13 18 6 4 3 7 9 9 2 5 11 19 8 22 11 12 14 15 1 1
"520" 10 1 4 0 0 6 7 3 12 11 2 9 10 12 15 4 10 7 13 14 1 3 1 1 8 7 3 2 3 15 14 8 8 15 19 12 1 4
"521" 4 3 5 18 10 10 6 16 7 8 0 8 1 13 17 8 14 2 20 7 0 0 2 6 4 9 0 2 10 17 24 10 7 7 17 8 3 1
"522" 4 3 10 6 6 7 5 8 6 5 2 11 10 17 17 6 7 5 5 12 1 1 0 5 5 9 7 6 13 18 19 10 1 6 15 17 1 5
"523" 7 6 3 8 8 4 7 15 18 10 1 9 6 21 15 14 7 12 13 24 3 1 3 7 3 14 3 1 3 15 19 19 8 5 10 23 2 4
"524" 6 6 5 8 4 5 8 13 9 6 1 10 5 11 13 4 12 6 31 17 4 2 2 12 7 10 1 4 9 23 15 14 3 3 17 15 2 4
"525" 10 6 7 0 0 1 2 18 13 5 7 12 12 14 22 11 12 5 13 17 0 0 2 12 2 8 2 4 11 18 29 12 6 10 11 11 2 1
"526" 9 3 3 9 8 10 6 8 12 11 2 11 18 10 13 10 8 4 12 9 3 1 2 7 4 9 1 3 4 20 22 7 5 12 11 9 1 3
"527" 3 2 7 6 15 10 6 8 11 5 1 3 10 17 14 4 7 5 14 9 4 0 1 3 2 9 0 2 6 14 14 13 2 13 11 13 3 0
"528" 9 14 5 3 7 5 4 17 9 7 3 6 12 6 9 8 7 5 21 7 5 2 0 2 9 14 2 5 4 20 21 10 4 8 17 17 1 1
"529" 6 2 5 11 12 9 9 15 14 3 4 16 4 11 11 11 11 8 6 18 4 0 2 9 6 7 1 6 15 22 17 14 9 8 14 15 2 2
"530" 4 0 6 0 0 8 7 16 11 6 0 6 12 7 14 3 9 7 15 13 6 1 2 9 4 16 4 5 7 8 27 9 6 5 10 15 5 3
"531" 11 8 7 20 24 15 6 29 18 5 2 14 14 27 21 11 13 6 19 17 6 6 3 13 11 25 2 7 3 22 23 20 3 11 20 15 8 4
"532" 7 5 2 14 16 13 14 16 14 5 1 7 11 19 18 9 7 3 18 10 4 2 4 10 4 12 4 4 8 18 14 18 10 12 16 8 2 2
"533" 3 7 7 16 13 12 4 14 13 12 6 13 20 14 26 8 17 1 20 8 6 3 3 2 7 14 3 3 16 32 23 10 6 11 23 14 3 5
"534" 7 4 2 21 26 5 21 11 8 9 3 10 10 13 11 8 13 5 16 10 5 5 2 8 1 15 3 3 9 30 13 5 6 7 12 12 2 1
"535" 11 8 7 16 11 9 3 12 19 5 2 12 15 10 21 7 6 4 19 27 7 2 4 3 5 18 7 7 5 25 26 14 7 7 17 16 1 2
"536" 5 7 4 5 9 4 2 11 10 7 1 8 11 15 9 6 9 1 12 13 9 2 4 4 3 6 2 3 6 11 20 8 6 2 9 4 1 0
"537" 4 5 7 9 2 9 2 9 11 6 3 9 10 18 23 6 7 7 20 18 7 1 0 3 3 4 6 1 11 14 16 16 7 7 23 11 1 0
"538" 7 3 6 0 0 9 5 10 23 15 3 11 5 9 7 7 8 10 5 15 3 5 1 2 6 11 3 1 6 18 28 6 1 10 13 11 2 3
"539" 5 8 5 24 20 7 9 9 17 17 4 7 20 18 24 9 7 9 13 16 5 3 2 9 3 8 1 3 2 25 21 12 6 15 11 6 6 4
"540" 5 9 6 15 19 11 3 7 17 11 2 9 5 24 20 3 9 5 18 8 2 3 2 6 5 7 3 6 10 9 21 5 7 11 14 16 2 3
"541" 3 6 6 16 16 9 6 16 8 14 8 11 23 23 31 10 9 5 13 15 1 2 2 3 6 8 2 4 7 14 17 18 5 11 23 11 3 1
"542" 4 6 6 27 14 12 8 14 23 9 3 14 7 10 22 15 10 6 12 21 7 1 2 5 4 6 3 4 14 25 16 13 8 23 16 17 5 1
"543" 6 2 7 12 1 2 7 10 6 8 3 14 6 12 12 8 13 6 17 15 7 2 2 3 11 6 1 4 13 27 18 7 11 15 9 17 4 2
"544" 1 4 6 4 2 5 0 17 10 6 2 7 7 6 12 1 8 2 12 11 1 0 4 4 6 4 1 6 7 15 15 3 8 8 24 7 1 3
"545" 5 9 9 18 8 10 7 12 17 3 2 6 18 13 18 12 7 9 19 13 2 0 5 4 3 5 3 3 7 17 19 17 7 17 18 17 3 3
"546" 4 2 7 5 6 9 7 12 12 6 1 12 4 14 16 6 6 6 10 15 2 1 4 7 4 6 2 0 9 19 30 4 6 12 10 7 5 3
"547" 4 4 2 7 7 4 12 15 18 13 0 3 12 13 12 9 17 9 16 15 3 4 2 6 4 14 2 2 11 27 15 14 10 9 17 14 3 3
"548" 4 3 4 7 12 8 6 17 9 13 2 9 23 16 15 5 19 1 16 12 4 1 2 10 2 11 4 3 8 19 17 10 7 17 11 13 0 0
"549" 13 3 9 10 16 15 5 23 14 5 0 13 10 14 27 9 6 8 15 9 6 2 4 2 6 7 3 3 5 18 25 12 5 13 15 19 4 3
"550" 4 4 4 7 5 0 5 7 4 3 1 6 6 12 8 3 4 7 14 4 3 2 1 2 1 2 2 0 8 11 3 11 4 1 8 15 1 2
"551" 1 8 13 24 14 5 12 27 12 8 0 12 17 33 7 13 12 7 27 39 6 3 2 11 9 5 4 4 7 17 28 19 6 6 20 15 3 1
"552" 3 3 2 8 12 6 8 12 10 6 0 5 7 26 13 9 5 2 9 9 1 2 3 8 0 10 2 0 3 15 13 9 5 11 10 10 4 0
"553" 2 6 3 11 15 10 0 12 8 6 2 12 5 16 14 6 8 7 12 6 1 1 4 3 2 9 1 0 7 20 13 18 6 5 16 6 3 2
"554" 9 4 3 0 0 10 9 12 27 14 4 14 14 27 24 7 11 8 16 22 5 4 3 6 5 12 5 8 15 16 14 18 10 15 15 18 0 3
"555" 7 7 8 6 6 2 7 5 5 11 1 5 9 19 16 7 5 5 15 12 7 3 0 4 3 5 5 0 6 18 15 13 8 11 16 21 2 2
"556" 6 3 6 18 12 6 4 15 27 18 3 17 15 22 20 8 17 8 11 23 2 5 4 13 4 16 4 6 10 19 23 14 4 10 8 20 5 4
"557" 11 6 9 14 6 7 4 17 12 14 3 9 12 36 17 5 8 10 17 29 2 1 1 7 10 12 4 5 11 33 28 14 11 19 19 9 3 3
"558" 0 2 4 6 4 2 1 7 8 5 0 10 2 14 9 7 11 5 10 7 2 1 1 3 1 3 0 0 4 18 15 10 6 3 15 9 1 0
"559" 3 8 13 15 9 11 4 17 5 10 1 16 12 16 11 5 12 10 21 14 3 1 2 4 3 13 3 4 7 18 19 10 6 11 13 6 0 2
"560" 10 13 7 8 10 6 10 14 26 14 4 11 18 14 12 10 7 4 21 18 2 5 2 14 13 8 3 3 17 18 22 11 6 16 30 15 8 5
"561" 6 6 7 7 3 7 7 22 14 7 3 16 13 19 18 8 21 10 21 18 3 5 3 6 6 5 1 3 13 23 21 18 11 18 20 8 0 4
"562" 2 6 8 9 12 3 3 9 17 12 1 21 7 15 13 10 19 4 16 12 6 5 4 8 4 2 1 2 7 26 18 17 6 10 15 14 4 1
"563" 3 9 6 10 7 12 8 8 12 10 1 7 5 13 3 8 15 17 13 18 4 1 4 3 9 11 3 2 17 12 11 16 8 9 10 9 4 5
"564" 4 8 3 17 32 6 14 12 23 16 4 15 10 22 10 11 13 5 22 14 4 0 5 13 9 13 4 2 7 27 15 12 9 17 21 9 1 6
"565" 1 9 5 25 27 9 1 8 13 12 3 9 13 34 12 4 15 9 19 21 2 2 0 3 3 8 6 2 8 23 31 12 10 15 21 15 4 6
"566" 7 6 11 5 0 3 2 20 13 8 3 21 25 18 19 7 9 4 18 14 6 0 3 11 3 9 2 10 4 19 25 19 2 10 28 12 6 5
"567" 12 2 4 9 11 10 4 17 9 7 2 16 8 26 11 14 8 10 16 17 5 3 5 5 8 20 4 2 8 16 20 17 8 9 8 10 0 1
"568" 7 6 2 8 4 3 1 5 15 8 2 7 6 8 8 5 8 4 13 20 3 1 2 5 6 3 0 3 4 9 9 10 5 18 11 8 1 0
"569" 2 10 3 27 7 13 6 13 12 8 1 9 17 15 12 7 14 15 23 21 2 3 0 1 5 14 2 2 7 28 28 10 13 18 11 13 3 1
"570" 4 9 5 13 15 16 10 15 22 18 3 9 8 14 21 7 18 5 14 12 6 7 1 8 10 10 0 8 10 26 30 10 10 16 9 26 5 2
"571" 7 1 2 0 0 5 1 10 12 4 0 3 3 6 11 4 4 3 14 13 1 2 1 7 2 3 4 3 7 12 16 6 8 2 13 8 2 1
"572" 9 6 8 0 0 20 13 17 14 12 6 10 13 24 26 2 17 10 14 12 11 3 0 10 4 11 5 3 9 31 26 18 9 14 24 21 3 3
"573" 3 3 6 3 8 3 2 11 12 7 2 7 11 7 23 6 5 8 9 14 4 1 0 7 4 3 0 4 4 22 16 8 1 9 16 17 2 0
"574" 3 5 8 14 14 3 5 13 7 7 3 5 8 15 25 4 11 7 10 14 5 0 1 10 2 14 1 1 9 19 24 12 5 7 7 7 0 2
"575" 2 5 9 1 0 6 10 16 12 11 3 3 17 6 8 5 11 8 13 15 3 3 5 7 12 11 2 2 6 21 14 10 6 8 13 9 2 0
"576" 6 5 11 10 9 8 9 21 22 12 5 3 16 28 17 4 17 13 13 24 5 1 3 9 4 9 3 6 10 27 25 17 8 20 14 28 4 8
"577" 1 3 6 3 4 4 5 13 8 7 2 6 17 13 21 4 11 4 12 9 5 1 1 2 3 8 0 1 4 18 12 13 8 6 7 18 2 0
"578" 3 7 6 9 0 4 2 8 12 5 1 3 5 6 12 6 7 2 17 7 0 1 1 10 10 4 5 3 9 7 23 4 3 15 8 14 2 0
"579" 5 2 8 14 8 7 13 13 8 8 2 8 10 13 17 5 7 4 13 16 1 1 1 8 9 6 2 6 12 24 23 15 9 11 7 14 3 3
"580" 4 12 7 10 11 17 4 16 16 10 1 11 20 16 21 15 6 8 20 18 2 0 4 6 4 11 5 4 14 37 9 15 8 14 11 20 4 2
"581" 10 15 9 13 12 1 13 14 19 7 4 21 19 25 18 10 14 9 15 21 4 6 0 7 7 10 2 8 6 19 17 21 10 13 10 14 2 1
"582" 4 10 1 26 20 12 3 19 8 14 6 11 3 11 10 11 8 10 26 15 4 4 0 7 6 14 4 6 5 23 15 12 8 10 19 9 3 2
"583" 8 5 6 4 9 12 12 10 21 17 3 11 7 14 18 15 8 8 22 12 4 1 3 2 4 15 4 1 5 18 19 15 10 20 12 13 2 3
"584" 1 5 4 10 9 4 5 11 12 7 3 2 11 10 12 3 6 5 12 11 4 2 3 2 8 4 2 4 5 8 11 8 3 3 13 11 3 1
"585" 2 6 0 0 0 1 2 9 2 0 0 0 6 6 5 0 4 2 5 9 1 0 0 1 4 6 0 0 3 14 4 6 2 0 3 0 0 0
"586" 3 7 1 8 8 9 9 20 28 22 4 7 15 17 15 12 15 11 14 16 3 4 2 9 6 17 2 4 12 18 38 16 5 15 9 18 4 5
"587" 5 6 4 10 18 5 6 7 14 13 4 12 8 22 22 9 17 4 29 16 2 1 4 10 4 8 3 1 5 19 21 13 14 0 11 7 5 1
"588" 7 6 4 9 10 4 2 8 3 5 3 9 7 20 9 1 9 1 14 21 6 1 2 3 8 14 2 4 10 28 17 7 5 10 9 5 3 3
"589" 5 5 7 7 8 5 8 9 11 7 1 3 10 24 12 5 2 2 16 12 5 1 1 1 2 11 2 1 3 22 9 7 6 11 11 10 2 5
"590" 3 8 5 14 3 3 7 14 9 9 3 7 5 13 14 5 3 9 14 14 9 4 0 6 11 5 9 3 9 25 22 8 7 7 13 9 4 1
"591" 6 2 10 9 11 7 3 14 15 8 0 6 8 22 23 6 10 10 10 11 3 1 1 6 7 9 2 0 11 17 26 10 5 14 12 14 8 3
"592" 9 8 8 19 14 12 7 18 22 15 1 6 15 12 24 2 12 7 31 17 0 4 0 5 1 24 3 3 12 34 34 14 5 9 25 7 3 6
"593" 2 7 2 17 15 10 8 17 8 12 3 16 13 27 24 9 13 9 18 11 5 1 1 5 8 16 4 2 7 24 18 14 10 13 12 21 6 2
"594" 3 3 7 11 27 0 3 10 15 10 1 2 8 23 34 1 8 9 15 16 6 3 4 6 1 7 4 2 14 23 15 11 7 7 13 9 11 2
"595" 3 11 3 20 12 5 3 15 7 9 6 12 11 12 16 6 9 2 27 25 2 2 1 8 2 5 1 3 9 27 18 18 11 18 30 4 2 2
"596" 9 6 8 24 19 8 5 17 12 2 2 15 18 18 18 9 11 7 21 27 4 3 1 9 5 11 2 2 16 21 31 21 9 12 20 23 5 0
"597" 10 1 12 0 0 6 7 9 10 4 1 8 11 11 8 1 9 12 17 10 4 3 1 3 9 6 1 0 9 16 21 3 1 9 15 17 4 7
"598" 12 5 8 0 0 11 8 9 16 7 7 10 9 24 28 4 8 8 20 22 4 6 4 8 6 11 3 1 14 27 31 18 6 9 17 13 4 3
"599" 8 2 5 17 8 8 10 16 18 17 1 13 16 18 22 8 12 7 10 13 0 0 3 6 7 16 6 5 14 22 18 19 8 7 13 8 1 5
"600" 4 7 7 16 17 3 7 9 11 9 1 9 8 17 13 5 9 8 11 20 6 3 1 8 2 11 1 1 3 18 14 14 7 9 15 16 3 1
"601" 4 4 6 5 4 6 6 16 24 3 1 11 11 22 16 7 5 7 8 24 3 3 1 7 7 8 0 2 9 18 19 6 11 13 20 7 1 2
"602" 7 3 8 12 16 5 6 14 23 5 5 11 12 14 24 8 13 3 16 20 6 0 2 5 2 5 0 4 20 16 26 16 6 3 10 6 8 0
"603" 4 7 9 15 10 18 8 17 10 18 1 13 9 21 30 11 17 9 13 17 7 4 5 4 1 11 3 3 10 29 23 13 9 19 14 15 2 0
"604" 5 8 10 23 13 5 9 11 8 12 0 6 5 17 10 6 13 12 16 21 1 4 0 16 2 8 2 3 8 19 9 9 12 10 15 14 2 6
"605" 4 4 3 8 8 4 8 5 20 12 2 18 13 13 19 6 10 8 24 18 5 0 4 11 5 9 5 3 6 22 28 12 4 17 12 14 3 2
"606" 7 6 4 8 11 5 7 15 15 7 0 5 10 20 15 8 10 6 16 8 1 1 0 7 8 8 1 4 16 17 15 8 6 11 19 7 1 5
"607" 5 5 9 10 4 2 2 10 9 1 2 7 7 14 15 10 5 3 12 22 9 0 1 3 5 4 1 1 5 14 11 8 7 4 10 12 1 2
"608" 10 8 13 16 29 7 12 10 26 16 0 15 17 19 27 13 15 13 9 15 4 2 5 12 8 16 5 2 13 21 27 19 10 16 11 20 3 7
"609" 7 2 7 7 4 6 10 12 7 10 2 10 10 9 15 4 9 5 13 15 1 2 3 5 4 8 1 5 11 14 30 20 1 10 11 13 0 0
"610" 11 3 8 10 5 6 4 9 13 12 2 17 9 25 10 7 16 12 20 20 1 3 1 6 6 10 6 2 10 27 23 10 12 14 14 13 3 0
"611" 9 2 7 0 0 9 10 11 21 11 1 7 12 19 20 4 10 9 25 19 3 3 3 4 1 10 10 3 8 25 25 10 9 10 14 13 3 0
"612" 3 3 2 24 28 13 6 20 12 4 3 8 10 17 18 5 7 6 18 12 3 1 3 5 4 12 4 5 10 22 26 11 13 14 20 10 7 3
"613" 6 5 7 10 8 2 8 5 5 8 0 7 9 14 19 4 9 6 13 18 1 0 2 5 2 6 1 1 6 22 10 7 5 8 9 12 0 2
"614" 4 7 7 4 3 6 2 7 21 8 4 7 10 12 29 5 7 9 20 10 5 3 1 5 3 7 5 2 9 14 24 11 4 10 17 13 6 4
"615" 8 8 7 13 8 4 12 9 9 8 0 13 24 20 9 16 7 12 22 15 3 2 2 7 4 17 1 5 12 12 24 9 7 9 9 14 0 4
"616" 2 2 3 6 10 6 1 9 18 4 4 3 8 22 11 5 4 5 12 24 3 0 0 6 2 10 2 1 7 17 32 9 3 7 6 17 1 2
"617" 10 4 7 6 6 9 11 11 26 4 2 5 11 9 11 6 16 2 16 8 7 0 1 2 5 13 3 1 4 24 17 14 9 6 10 4 4 2
"618" 13 2 2 5 8 6 11 11 14 11 3 18 6 12 12 6 3 7 13 15 5 4 1 12 9 17 4 2 11 21 18 19 9 8 9 16 3 1
"619" 2 3 1 19 9 4 2 11 8 9 2 11 9 14 16 7 12 7 21 8 8 2 1 4 7 9 6 1 8 19 8 12 8 10 19 15 3 5
"620" 11 2 6 28 26 7 12 10 19 17 1 13 8 24 10 8 12 14 16 18 4 3 4 6 4 12 6 1 9 20 24 16 5 8 12 13 3 6
"621" 12 5 4 11 12 7 11 8 14 6 3 12 8 23 10 10 12 8 12 20 7 0 3 6 8 14 3 5 4 18 25 12 5 4 8 13 4 1
"622" 6 5 10 8 6 4 4 12 17 11 1 13 23 16 16 11 12 7 14 13 4 2 3 9 3 6 4 0 5 29 24 12 6 12 22 12 2 2
"623" 7 20 6 20 31 10 10 15 14 7 2 24 10 27 12 6 7 4 15 14 3 3 6 15 5 16 6 2 8 46 15 22 9 14 17 15 1 1
"624" 2 7 5 8 11 10 5 18 15 11 4 5 12 14 8 3 11 1 24 10 2 3 1 5 3 12 3 0 12 24 15 13 7 10 15 12 4 4
"625" 11 6 8 6 13 9 11 8 13 11 2 16 10 12 16 5 12 6 15 15 6 4 2 10 8 10 8 3 8 14 16 9 9 11 12 27 2 3
"626" 2 2 5 7 5 7 4 11 5 3 1 13 7 12 11 4 4 4 15 6 5 0 0 4 7 4 6 5 4 19 14 11 6 7 10 14 5 0
"627" 9 2 3 5 3 17 4 17 20 9 3 14 14 17 26 11 13 3 19 14 0 1 1 9 2 6 3 4 11 30 14 14 10 12 9 15 2 0
"628" 6 4 7 0 0 6 7 17 12 18 2 9 9 21 13 14 14 6 24 17 2 3 2 7 2 14 6 3 3 22 23 10 5 4 9 7 4 4
"629" 7 1 5 8 1 3 2 12 10 8 0 7 16 19 5 7 5 6 12 14 4 1 2 6 1 5 1 2 6 11 30 12 8 9 18 17 0 2
"630" 6 8 6 0 0 15 7 9 8 11 4 18 4 16 22 9 15 8 14 19 4 1 1 4 3 7 1 6 6 23 19 11 7 9 10 13 3 1
"631" 4 5 4 12 1 3 1 13 7 3 1 9 0 6 13 5 12 7 8 15 2 0 0 5 6 2 0 0 4 11 5 7 2 5 6 16 0 2
"632" 5 4 2 21 8 8 15 11 12 7 0 11 6 23 25 2 5 9 15 13 1 3 1 6 7 4 6 2 10 25 20 10 9 14 18 8 6 1
"633" 9 5 3 10 10 7 11 14 6 2 2 13 8 12 10 6 10 6 20 17 2 1 3 6 3 6 3 1 10 13 20 3 3 7 12 18 4 4
"634" 0 3 4 4 1 1 3 9 5 11 2 3 10 13 13 8 9 0 10 10 2 1 2 6 4 4 2 2 5 12 20 5 10 8 15 4 3 4
"635" 6 7 2 15 10 6 5 7 11 9 4 2 6 19 9 6 9 1 16 10 7 5 0 1 6 5 2 1 6 13 13 6 5 9 10 16 2 3
"636" 5 5 6 4 11 15 5 11 10 9 2 14 11 20 10 12 10 8 6 20 3 1 1 6 1 9 1 4 8 19 29 10 4 16 10 14 4 0
"637" 4 8 5 0 0 5 4 19 10 4 0 9 6 18 12 6 5 7 5 6 5 1 2 7 6 6 4 5 10 14 20 7 12 9 9 11 1 2
"638" 5 8 5 9 4 5 3 9 6 8 1 9 4 10 11 4 6 4 11 7 1 3 2 7 6 3 0 4 8 10 23 15 6 5 17 6 3 0
"639" 6 10 8 12 13 11 15 19 16 6 1 8 4 27 18 10 11 6 12 10 8 0 1 9 1 4 1 3 3 13 16 11 4 11 14 10 5 0
"640" 2 1 7 10 8 1 6 14 24 5 4 7 1 15 20 6 4 3 15 23 1 1 1 5 4 5 3 0 5 9 11 7 9 4 7 7 1 4
"641" 1 0 3 22 7 5 11 6 6 1 0 6 7 3 13 7 6 0 13 14 4 3 0 5 1 6 0 0 3 17 8 6 4 10 7 14 0 1
"642" 7 5 5 7 4 8 12 10 18 11 1 12 15 28 40 4 8 10 14 24 8 2 3 10 9 12 5 9 9 14 25 22 6 12 10 23 4 1
"643" 0 3 4 17 11 6 2 13 16 11 1 6 9 20 9 8 6 5 25 16 3 3 1 11 5 3 1 4 11 26 27 17 3 17 14 15 0 3
"644" 5 6 6 10 9 6 11 12 8 8 1 14 9 12 16 10 15 3 8 18 6 5 3 2 7 5 2 3 10 9 15 15 2 13 18 15 1 4
"645" 8 8 6 15 13 7 10 15 16 5 8 13 10 23 25 13 10 6 18 17 3 3 1 7 7 13 2 0 19 34 28 21 6 9 25 21 1 3
"646" 4 11 3 3 11 1 5 13 20 7 1 4 15 22 13 13 8 4 14 15 5 2 1 4 6 10 2 1 11 14 16 14 5 5 24 5 1 2
"647" 4 15 6 8 9 11 5 18 14 8 5 19 16 13 16 7 12 8 14 21 7 1 3 6 7 9 4 4 14 24 21 19 8 8 9 17 2 5
"648" 13 6 11 23 22 4 4 13 22 5 2 4 12 23 14 10 13 4 9 9 3 2 1 12 3 8 2 3 8 13 9 8 5 6 15 10 3 3
"649" 2 2 3 5 8 6 8 9 11 4 5 12 10 8 11 9 2 3 15 22 5 1 6 7 3 11 6 5 8 28 10 19 8 9 14 9 4 4
"650" 4 5 6 14 15 4 12 10 15 19 3 9 24 14 14 4 15 10 18 16 3 0 3 12 14 12 3 7 13 13 19 16 11 15 18 22 1 1
"651" 8 11 3 17 7 2 3 13 15 8 0 10 5 17 22 7 5 10 14 7 0 2 0 13 3 14 1 1 8 30 22 3 7 6 6 11 2 3
"652" 10 4 9 24 12 7 4 18 12 10 2 10 16 31 37 10 13 1 25 26 5 3 3 9 6 14 6 6 7 34 41 9 14 10 11 17 4 1
"653" 3 6 7 10 6 4 3 14 10 4 3 5 9 15 7 6 22 11 11 18 4 3 0 3 6 7 1 4 7 19 18 12 5 12 15 12 1 1
"654" 7 19 10 22 21 8 11 29 23 8 2 18 17 20 19 17 12 9 15 20 4 4 4 6 11 24 8 4 21 27 16 28 11 4 20 24 4 2
"655" 7 5 1 7 11 3 9 10 14 5 0 12 11 22 27 9 5 12 16 15 4 2 1 10 5 15 4 4 3 18 26 13 1 9 14 10 3 1
"656" 5 8 7 0 0 4 5 14 15 17 4 9 13 21 23 7 19 4 15 18 4 1 2 10 9 19 5 12 17 36 35 16 17 14 9 16 6 1
"657" 3 4 5 11 7 10 5 5 9 5 1 7 15 15 14 7 8 10 20 8 2 2 4 3 5 11 7 3 8 12 21 7 5 9 11 12 1 0
"658" 2 4 2 0 0 2 1 7 12 6 0 8 3 6 4 3 15 2 6 15 3 3 0 3 4 5 0 0 9 11 11 12 5 4 7 8 1 1
"659" 6 3 8 16 9 13 5 6 7 9 2 10 9 10 7 1 10 6 12 6 2 1 1 6 1 2 1 4 8 21 9 6 2 7 13 5 0 2
"660" 3 7 4 1 11 10 5 11 9 6 1 7 5 12 9 6 7 4 12 3 1 2 1 4 3 10 2 0 5 12 17 7 7 5 17 10 1 2
"661" 4 3 6 9 2 2 3 15 12 5 4 8 1 20 12 8 9 8 18 12 3 0 0 11 5 5 3 2 10 21 18 10 5 6 6 14 3 1
"662" 6 6 7 10 19 3 2 15 15 10 0 19 9 18 13 6 17 4 11 13 5 2 2 9 4 7 3 7 9 34 32 16 11 9 18 8 1 5
"663" 7 3 19 6 4 6 5 21 7 14 0 6 9 14 37 9 15 11 13 12 4 4 0 2 3 10 1 0 11 25 32 8 10 13 19 9 3 2
"664" 5 3 6 5 6 7 7 8 8 14 2 8 7 24 20 18 8 9 19 16 7 4 4 6 2 16 8 1 11 24 37 12 6 11 6 10 3 1
"665" 5 4 5 6 6 6 3 13 9 5 3 17 14 24 9 8 9 2 19 10 4 2 0 9 7 0 1 4 5 27 16 13 5 7 7 6 7 3
"666" 10 3 11 9 22 6 8 19 13 18 0 11 4 33 14 10 20 5 24 16 3 2 3 8 5 16 3 1 4 14 22 15 3 11 22 13 5 0
"667" 20 26 15 18 19 28 15 32 40 26 6 31 32 46 48 23 35 26 51 29 19 7 7 15 19 22 8 7 25 63 55 39 23 46 48 40 10 3
"668" 9 15 22 40 32 21 15 31 32 28 4 29 36 33 51 19 32 15 30 31 17 6 3 17 15 28 9 6 13 52 54 22 19 31 24 33 13 11
"669" 14 12 6 18 27 16 19 42 30 29 4 20 27 29 20 6 21 19 39 41 9 3 4 17 6 9 4 10 30 49 45 27 23 22 27 27 6 7
"670" 8 7 9 0 0 4 12 25 8 6 5 8 11 23 28 4 14 7 15 20 4 1 1 15 9 12 9 2 16 22 20 13 10 14 17 16 7 3
"671" 15 19 13 15 12 12 21 47 21 13 3 21 21 18 29 11 25 5 20 14 11 3 6 13 15 12 5 8 17 36 37 19 22 14 30 19 5 7
"672" 7 10 8 27 22 15 16 31 26 13 4 32 17 45 32 17 22 6 31 41 6 7 8 16 13 27 8 5 26 38 56 30 14 28 23 40 10 9
"673" 14 18 13 14 26 11 13 27 23 18 3 24 28 35 44 10 20 20 37 37 8 5 3 16 7 24 13 8 27 40 52 29 19 22 34 22 5 6
"674" 11 5 5 1 0 10 17 25 27 16 5 16 10 32 29 15 26 15 34 25 7 1 5 8 11 16 4 2 28 48 37 23 15 16 27 21 1 4
"675" 10 6 7 10 17 9 18 14 21 18 3 17 13 22 24 12 7 9 19 27 6 4 3 8 9 12 4 3 12 25 27 22 11 17 19 23 5 2
"676" 7 7 9 9 17 18 6 24 19 17 4 13 17 37 26 15 13 16 30 20 6 3 2 10 12 14 3 6 9 44 27 15 13 23 23 21 9 5
"677" 5 11 5 29 29 11 8 18 19 13 2 16 21 31 34 13 13 10 20 24 6 3 2 11 10 11 3 2 19 22 42 7 10 20 38 23 11 3
"678" 14 10 10 23 15 9 5 20 22 11 4 16 23 47 57 17 22 19 31 39 3 0 5 11 12 15 6 3 16 58 37 17 17 30 31 38 5 7
"679" 6 7 3 5 5 1 3 8 16 11 2 4 11 25 3 9 15 5 14 3 4 4 3 11 4 3 3 4 13 21 20 18 9 13 9 12 4 0
"680" 8 2 9 15 7 7 7 16 17 15 3 22 8 20 20 6 11 12 30 11 4 4 8 8 6 13 3 11 10 11 29 11 11 14 26 19 7 4
"681" 10 20 9 25 17 16 11 26 24 12 7 19 29 47 36 10 23 11 19 43 13 5 5 15 15 16 0 5 16 50 53 25 17 31 29 28 9 2
"682" 12 15 16 21 24 15 19 28 31 18 3 25 27 32 52 23 29 23 51 30 8 11 4 13 11 24 4 9 24 53 56 28 20 32 38 36 6 8
"683" 6 11 14 8 10 8 6 32 26 11 3 15 23 33 30 15 33 7 20 25 15 4 3 12 20 12 8 4 19 35 18 16 11 8 24 16 3 5
"684" 11 10 10 0 0 13 16 23 33 18 3 27 21 45 32 18 28 19 19 41 10 2 4 11 6 23 3 4 18 28 35 23 12 30 18 26 5 6
"685" 8 13 13 12 15 13 18 30 35 23 1 18 19 36 39 14 17 11 35 30 11 2 0 16 12 21 2 5 14 26 48 17 11 24 34 21 10 0
"686" 27 19 23 50 54 24 25 30 47 22 10 44 38 49 49 25 23 25 69 46 10 7 8 20 19 25 7 7 29 86 65 39 20 19 46 42 8 5
"687" 12 11 6 29 27 14 10 27 24 15 5 24 12 33 27 13 15 12 16 16 10 2 6 7 3 14 1 5 13 48 31 16 11 17 32 23 8 0
"688" 9 6 13 0 0 23 16 21 32 22 3 17 25 34 54 19 20 17 29 35 10 4 4 16 4 9 4 8 21 51 56 19 18 17 24 17 6 10
"689" 9 11 9 0 0 1 7 12 21 5 1 14 25 10 13 2 13 4 25 20 15 3 5 20 6 3 2 3 18 28 17 20 12 7 34 25 1 1
"690" 16 24 19 0 0 13 18 43 43 14 9 34 31 54 64 28 33 20 43 51 13 6 6 22 19 22 10 9 31 59 59 34 28 38 40 43 10 8
"691" 12 13 14 22 40 13 14 35 40 21 8 23 22 37 22 17 24 13 32 35 9 1 2 17 6 15 12 6 25 45 50 22 12 29 26 39 5 9
"692" 7 6 5 0 0 11 12 33 18 12 2 19 16 39 30 8 21 8 18 28 4 2 5 16 9 22 5 5 12 36 26 22 14 10 34 27 7 3
"693" 11 9 8 0 0 18 11 33 36 19 1 21 14 43 33 16 23 13 28 27 8 11 2 14 7 19 5 4 15 39 31 19 12 19 24 31 12 8
"694" 10 12 10 13 25 17 25 23 22 24 3 12 22 40 28 17 13 17 40 41 13 5 4 8 3 17 9 8 20 41 40 18 7 32 30 19 5 2
"695" 11 8 12 0 1 20 21 21 22 15 8 21 26 53 25 26 19 11 27 24 16 2 10 7 7 19 10 6 22 43 54 25 14 21 19 21 9 7
"696" 20 14 18 35 27 8 18 30 34 23 5 28 27 55 44 18 27 23 39 42 9 3 3 17 11 26 6 9 31 59 53 43 16 28 54 29 7 4
"697" 15 10 18 40 46 15 15 26 41 31 5 27 45 46 45 23 28 18 65 45 8 5 6 30 9 23 12 11 27 45 37 44 22 36 30 50 7 5
"698" 16 17 13 16 9 4 14 27 32 18 6 18 29 34 22 19 37 6 21 32 11 3 2 19 5 14 13 7 22 32 36 30 11 18 21 23 11 4
"699" 19 7 16 11 17 8 7 31 36 22 7 23 22 39 41 12 15 6 37 37 12 7 3 16 9 19 4 9 25 50 43 27 14 12 30 23 4 3
"700" 6 11 16 37 31 16 14 29 32 21 2 26 25 33 32 21 12 11 27 18 8 5 2 18 12 17 10 3 21 41 33 26 15 18 39 30 9 6
"701" 13 8 11 23 18 12 8 26 20 12 3 26 8 39 31 14 22 10 32 18 10 4 6 10 5 15 4 6 17 39 39 16 8 22 25 27 5 2
"702" 5 10 2 2 5 4 4 20 14 4 2 22 8 17 14 9 11 3 12 9 4 1 3 19 9 13 6 2 13 15 23 16 13 7 14 15 1 1
"703" 14 16 9 26 23 16 21 32 29 32 5 18 19 38 47 19 32 15 36 28 18 7 1 19 7 21 7 10 15 40 44 32 12 30 31 40 11 6
"704" 8 8 6 7 14 8 11 19 19 11 0 16 16 26 20 12 17 14 26 16 13 3 1 9 11 14 6 6 11 8 34 22 13 10 30 13 6 6

